964 964 964 964 964 964 964 964 964 964 964 964 964 964 964 964 964 964 964 964 964 964 964 964 964 964 964 964 964 964 964 964 964 964 964 964 964 964 964 964 964 964 964 964 964 964 964 964 964 964 964 964 964 964 964 964 964 964 964 964 964 964 964 964 964 964 964 964 964 964 964 964 964 964 964 964 964 964 964 964 964 964 964 964 964 964 964 964 964 964 964 964 964 964 964 964 964 964 964 964 
964 964 964 964 964 964 964 964 964 964 964 964 964 964 964 964 964 964 964 964 964 964 964 964 964 964 964 964 964 964 964 964 964 964 964 964 964 964 964 964 964 964 964 964 964 964 964 964 964 964 964 964 964 964 964 964 964 964 964 964 964 964 964 964 964 964 964 964 964 964 964 964 964 964 964 964 964 964 964 964 964 964 964 964 964 964 964 964 964 964 964 964 964 964 964 964 964 964 964 964 
964 964 964 964 964 964 964 964 964 964 964 964 964 964 964 964 964 964 964 964 964 964 964 964 964 964 964 964 964 964 964 964 964 964 964 964 964 964 964 964 964 964 964 964 964 964 964 964 964 964 964 964 964 964 964 964 964 964 964 964 964 964 964 964 964 964 964 964 964 964 964 964 964 964 964 964 964 964 964 964 964 964 964 964 964 964 964 964 964 964 964 964 964 964 964 964 964 964 964 964 
964 964 964 964 964 964 964 964 964 964 964 964 964 964 964 964 964 964 964 964 964 964 964 964 964 964 964 964 964 964 964 964 964 964 964 964 964 964 964 964 964 964 964 964 964 964 964 964 964 964 964 964 964 964 964 964 964 964 964 964 964 964 964 964 964 964 964 964 964 964 964 964 964 964 964 964 964 964 964 964 964 964 964 964 964 964 964 964 964 964 964 964 964 964 964 964 964 964 964 964 
964 964 964 964 964 964 964 964 964 964 964 964 964 964 964 964 964 964 964 964 964 964 964 964 964 964 964 964 964 964 964 964 964 964 964 964 964 964 964 964 964 964 964 964 964 964 964 964 964 964 964 964 964 964 964 964 964 964 964 964 964 964 964 964 964 964 964 964 964 964 964 964 964 964 964 964 964 964 964 964 964 964 964 964 964 964 964 964 964 964 964 964 964 964 964 964 964 964 964 964 
964 964 964 964 964 964 964 964 964 964 964 964 964 964 964 964 964 964 964 964 964 964 964 964 964 964 964 964 964 964 964 964 964 964 964 964 964 964 964 964 964 964 964 964 964 964 964 964 964 964 964 964 964 964 964 964 964 964 964 964 964 964 964 964 964 964 964 964 964 964 964 964 964 964 964 964 964 964 964 964 964 964 964 964 964 964 964 964 964 964 964 964 964 964 964 964 964 964 964 964 
964 964 964 964 964 964 964 964 964 964 964 964 964 964 964 964 964 964 964 964 964 964 964 964 964 964 964 964 964 964 964 964 964 964 964 964 964 964 964 964 964 964 964 964 964 964 964 964 964 964 964 964 964 964 964 964 964 964 964 964 964 964 964 964 964 964 964 964 964 964 964 964 964 964 964 964 964 964 964 964 964 964 964 964 964 964 964 964 964 964 964 964 964 964 964 964 964 964 964 964 
964 964 964 964 964 964 964 964 964 964 964 964 964 964 964 964 964 964 964 964 964 964 964 964 964 964 964 964 964 964 964 964 964 964 964 964 964 964 964 964 964 964 964 964 964 964 964 964 964 964 964 964 964 964 964 964 964 964 964 964 964 964 964 964 964 964 964 964 964 964 964 964 964 964 964 964 964 964 964 964 964 964 964 964 964 964 964 964 964 964 964 964 964 964 964 964 964 964 964 964 
964 964 964 964 964 964 964 964 964 964 964 964 964 964 964 964 964 964 964 964 964 964 964 964 964 964 964 964 964 964 964 964 964 964 964 964 964 964 964 964 964 964 964 964 964 964 964 964 964 964 964 964 964 964 964 964 964 964 964 964 964 964 964 964 964 964 964 964 964 964 964 964 964 964 964 964 964 964 964 964 964 964 964 964 964 964 964 964 964 964 964 964 964 964 964 964 964 964 964 964 
964 964 964 964 964 964 964 964 964 964 964 964 964 964 964 964 964 964 964 964 964 964 964 964 964 964 964 964 964 964 964 964 964 964 964 964 964 964 964 964 964 964 964 964 964 964 964 964 964 964 964 964 964 964 964 964 964 964 964 964 964 964 964 964 964 964 964 964 964 964 964 964 964 964 964 964 964 964 964 964 964 964 964 964 964 964 964 964 964 964 964 964 964 964 964 964 964 964 964 964 
964 964 964 964 964 964 964 964 964 964 964 964 964 964 964 964 964 964 964 964 964 964 964 964 964 964 964 964 964 964 964 964 964 964 964 964 964 964 964 964 964 964 964 964 964 964 964 964 964 964 964 964 964 964 964 964 964 964 964 964 964 964 964 964 964 964 964 964 964 964 964 964 964 964 964 964 964 964 964 964 964 964 964 964 964 964 964 964 964 964 964 964 964 964 964 964 964 964 964 964 
964 964 964 964 964 964 964 964 964 964 964 964 964 964 964 964 964 964 964 964 964 964 964 964 964 964 964 964 964 964 964 964 964 964 964 964 964 964 964 964 964 964 964 964 964 964 964 964 964 964 964 964 964 964 964 964 964 964 964 964 964 964 964 964 964 964 964 964 964 964 964 964 964 964 964 964 964 964 964 964 964 964 964 964 964 964 964 964 964 964 964 964 964 964 964 964 964 964 964 964 
964 964 964 964 964 964 964 964 964 964 964 964 964 964 964 964 964 964 964 964 964 964 964 964 964 964 964 964 964 964 964 964 964 964 964 964 964 964 964 964 964 964 964 964 964 964 964 964 964 964 964 964 964 964 964 964 964 964 964 964 964 964 964 964 964 964 964 964 964 964 964 964 964 964 964 964 964 964 964 964 964 964 964 964 964 964 964 964 964 964 964 964 964 964 964 964 964 964 964 964 
964 964 964 964 964 964 964 964 964 964 964 964 964 964 964 964 964 964 964 964 964 964 964 964 964 964 964 964 964 964 964 964 964 964 964 964 964 964 964 964 964 964 964 964 964 964 964 964 964 964 964 964 964 964 964 964 964 964 964 964 964 964 964 964 964 964 964 964 964 964 964 964 964 964 964 964 964 964 964 964 964 964 964 964 964 964 964 964 964 964 964 964 964 964 964 964 964 964 964 964 
964 964 964 964 964 964 964 964 964 964 964 964 964 964 964 964 964 964 964 964 964 964 964 964 964 964 964 964 964 964 964 964 964 964 964 964 964 964 964 964 964 964 964 964 964 964 964 964 964 964 964 964 964 964 964 964 964 964 964 964 964 964 964 964 964 964 964 964 964 964 964 964 964 964 964 964 964 964 964 964 964 964 964 964 964 964 964 964 964 964 964 964 964 964 964 964 964 964 964 964 
964 964 964 964 964 964 964 964 964 964 964 964 964 964 964 964 964 964 964 964 964 964 964 964 964 964 964 964 964 964 964 964 964 964 964 964 964 964 964 964 964 964 964 964 964 964 964 964 964 964 964 964 964 964 964 964 964 964 964 964 964 964 964 964 964 964 964 964 964 964 964 964 964 964 964 964 964 964 964 964 964 964 964 964 964 964 964 964 964 964 964 964 964 964 964 964 964 964 964 964 
964 964 964 964 964 964 964 964 964 964 964 964 964 964 964 964 964 964 964 964 964 964 964 964 964 964 964 964 964 964 964 964 964 964 964 964 964 964 964 964 964 964 964 964 964 964 964 964 964 964 964 964 964 964 964 964 964 964 964 964 964 964 964 964 964 964 964 964 964 964 964 964 964 964 964 964 964 964 964 964 964 964 964 964 964 964 964 964 964 964 964 964 964 964 964 964 964 964 964 964 
964 964 964 964 964 964 964 964 964 964 964 964 964 964 964 964 964 964 964 964 964 964 964 964 964 964 964 964 964 964 964 964 964 964 964 964 964 964 964 964 964 964 964 964 964 964 964 964 964 964 964 964 964 964 964 964 964 964 964 964 964 964 964 964 964 964 964 964 964 964 964 964 964 964 964 964 964 964 964 964 964 964 964 964 964 964 964 964 964 964 964 964 964 964 964 964 964 964 964 964 
964 964 964 964 964 964 964 964 964 964 964 964 964 964 964 964 964 964 964 964 964 964 964 964 964 964 964 964 964 964 964 964 964 964 964 964 964 964 964 964 964 964 964 964 964 964 964 964 964 964 964 964 964 964 964 964 964 964 964 964 964 964 964 964 964 964 964 964 964 964 964 964 964 964 964 964 964 964 964 964 964 964 964 964 964 964 964 964 964 964 964 964 964 964 964 964 964 964 964 964 
964 964 964 964 964 964 964 964 964 964 964 964 964 964 964 964 964 964 964 964 964 964 964 964 964 964 964 964 964 964 964 964 964 964 964 964 964 964 964 964 964 964 964 964 964 964 964 964 964 964 964 964 964 964 964 964 964 964 964 964 964 964 964 964 964 964 964 964 964 964 964 964 964 964 964 964 964 964 964 964 964 964 964 964 964 964 964 964 964 964 964 964 964 964 964 964 964 964 964 964 
964 964 964 964 964 964 964 964 964 964 964 964 964 964 964 964 964 964 964 964 964 964 964 964 964 964 964 964 964 964 964 964 964 964 964 964 964 964 964 964 964 964 964 964 964 964 964 964 964 964 964 964 964 964 964 964 964 964 964 964 964 964 964 964 964 964 964 964 964 964 964 964 964 964 964 964 964 964 964 964 964 964 964 964 964 964 964 964 964 964 964 964 964 964 964 964 964 964 964 964 
964 964 964 964 964 964 964 964 964 964 964 964 964 964 964 964 964 964 964 964 964 964 964 964 964 964 964 964 964 964 964 964 964 964 964 964 964 964 964 964 964 964 964 964 964 964 964 964 964 964 964 964 964 964 964 964 964 964 964 964 964 964 964 964 964 964 964 964 964 964 964 964 964 964 964 964 964 964 964 964 964 964 964 964 964 964 964 964 964 964 964 964 964 964 964 964 964 964 964 964 
964 964 964 964 964 964 964 964 964 964 964 964 964 964 964 964 964 964 964 964 964 964 964 964 964 964 964 964 964 964 964 964 964 964 964 964 964 964 964 964 964 964 964 964 964 964 964 964 964 964 964 964 964 964 964 964 964 964 964 964 964 964 964 964 964 964 964 964 964 964 964 964 964 964 964 964 964 964 964 964 964 964 964 964 964 964 964 964 964 964 964 964 964 964 964 964 964 964 964 964 
964 964 964 964 964 964 964 964 964 964 964 964 964 964 964 964 964 964 964 964 964 964 964 964 964 964 964 964 964 964 964 964 964 964 964 964 964 964 964 964 964 964 964 964 964 964 964 964 964 964 964 964 964 964 964 964 964 964 964 964 964 964 964 964 964 964 964 964 964 964 964 964 964 964 964 964 964 964 964 964 964 964 964 964 964 964 964 964 964 964 964 964 964 964 964 964 964 964 964 964 
964 964 964 964 964 964 964 964 964 964 964 964 964 964 964 964 964 964 964 964 964 964 964 964 964 964 964 964 964 964 964 964 964 964 964 964 964 964 964 964 964 964 964 964 964 964 964 964 964 964 964 964 964 964 964 964 964 964 964 964 964 964 964 964 964 964 964 964 964 964 964 964 964 964 964 964 964 964 964 964 964 964 964 964 964 964 964 964 964 964 964 964 964 964 964 964 964 964 964 964 
964 964 964 964 964 964 964 964 964 964 964 964 964 964 964 964 964 964 964 964 964 964 964 964 964 964 964 964 964 964 964 964 964 964 964 964 964 964 964 964 964 964 964 964 964 964 964 964 964 964 964 964 964 964 964 964 964 964 964 964 964 964 964 964 964 964 964 964 964 964 964 964 964 964 964 964 964 964 964 964 964 964 964 964 964 964 964 964 964 964 964 964 964 964 964 964 964 964 964 964 
964 964 964 964 964 964 964 964 964 964 964 964 964 964 964 964 964 964 964 964 964 964 964 964 964 964 964 964 964 964 964 964 964 964 964 964 964 964 964 964 964 964 964 964 964 964 964 964 964 964 964 964 964 964 964 964 964 964 964 964 964 964 964 964 964 964 964 964 964 964 964 964 964 964 964 964 964 964 964 964 964 964 964 964 964 964 964 964 964 964 964 964 964 964 964 964 964 964 964 964 
964 964 964 964 964 964 964 964 964 964 964 964 964 964 964 964 964 964 964 964 964 964 964 964 964 964 964 964 964 964 964 964 964 964 964 964 964 964 964 964 964 964 964 964 964 964 964 964 964 964 964 964 964 964 964 964 964 964 964 964 964 964 964 964 964 964 964 964 964 964 964 964 964 964 964 964 964 964 964 964 964 964 964 964 964 964 964 964 964 964 964 964 964 964 964 964 964 964 964 964 
964 964 964 964 964 964 964 964 964 964 964 964 964 964 964 964 964 964 964 964 964 964 964 964 964 964 964 964 964 964 964 964 964 964 964 964 964 964 964 964 964 964 964 964 964 964 964 964 964 964 964 964 964 964 964 964 964 964 964 964 964 964 964 964 964 964 964 964 964 964 964 964 964 964 964 964 964 964 964 964 964 964 964 964 964 964 964 964 964 964 964 964 964 964 964 964 964 964 964 964 
964 964 964 964 964 964 964 964 964 964 964 964 964 964 964 964 964 964 964 964 964 964 964 964 964 964 964 964 964 964 964 964 964 964 964 964 964 964 964 964 964 964 964 964 964 964 964 964 964 964 964 964 964 964 964 964 964 964 964 964 964 964 964 964 964 964 964 964 964 964 964 964 964 964 964 964 964 964 964 964 964 964 964 964 964 964 964 964 964 964 964 964 964 964 964 964 964 964 964 964 
964 964 964 964 964 964 964 964 964 964 964 964 964 964 964 964 964 964 964 964 964 964 964 964 964 964 964 964 964 964 964 964 964 964 964 964 964 964 964 964 970 967 967 967 967 971 964 964 964 964 964 964 964 964 964 964 964 964 964 964 964 964 964 964 964 964 964 964 964 964 964 964 964 964 964 964 964 964 964 964 964 964 964 964 964 964 964 964 964 964 964 964 964 964 964 964 964 964 964 964 
964 964 964 964 964 964 964 964 964 964 964 964 964 964 964 964 964 964 964 964 964 964 964 964 964 964 964 964 964 964 964 964 964 964 964 964 964 964 964 964 965 958 958 958 958 966 971 964 964 964 964 964 964 964 964 964 964 964 964 964 964 964 964 964 964 964 964 964 964 964 964 964 964 964 970 967 971 964 964 964 964 964 964 964 964 964 964 964 964 964 964 964 964 964 964 964 964 964 964 964 
964 964 964 964 964 964 964 964 964 964 964 964 964 964 964 964 964 964 964 964 964 964 964 964 964 964 964 964 964 964 964 964 964 964 964 964 964 964 964 964 965 958 936 958 958 958 966 967 967 967 967 967 967 967 967 967 967 967 967 967 967 967 967 967 967 967 967 967 967 967 967 967 967 967 968 953 963 964 964 964 964 964 964 964 964 964 964 964 964 964 964 964 964 964 964 964 964 964 964 964 
964 964 964 964 964 964 964 964 964 964 964 964 964 964 964 964 964 964 964 964 964 964 964 964 964 964 964 964 964 964 964 964 964 964 964 964 970 967 967 967 968 958 958 958 958 958 958 956 956 956 956 956 956 956 956 956 956 956 956 956 956 956 956 981 956 956 956 956 956 956 956 956 956 956 956 956 963 964 964 964 964 964 964 964 964 964 964 964 964 964 964 964 964 964 964 964 964 964 964 964 
964 964 964 964 964 964 964 964 964 964 964 964 964 964 964 964 964 964 964 964 964 964 964 964 964 964 964 964 964 964 964 964 964 964 964 964 965 956 956 956 956 958 958 958 958 958 958 957 957 978 979 957 957 957 960 961 961 961 961 961 961 962 956 982 956 956 956 956 956 956 956 956 956 956 956 956 963 964 964 964 964 964 964 964 964 964 964 964 964 964 964 964 964 964 964 964 964 964 964 964 
964 964 964 964 964 964 964 964 964 964 964 964 964 964 964 964 964 964 964 964 964 964 964 964 964 964 964 964 964 964 964 964 964 964 964 964 965 956 956 956 956 957 957 957 957 958 969 969 956 956 956 956 956 956 966 971 964 964 964 964 964 965 956 960 961 961 961 961 961 961 961 961 961 961 962 956 963 964 964 964 964 964 964 964 964 964 964 964 964 964 964 964 964 964 964 964 964 964 964 964 
964 964 964 964 964 964 964 964 964 964 964 964 964 964 964 964 964 964 964 964 964 964 964 964 964 964 964 964 964 964 964 964 964 964 964 964 965 956 956 956 956 957 957 957 957 957 956 956 956 956 956 956 956 956 956 963 964 964 964 964 964 965 956 963 964 964 964 964 964 964 964 964 964 964 965 956 963 964 964 964 964 964 964 964 964 964 964 964 964 964 964 964 964 964 964 964 964 964 964 964 
964 964 964 964 964 964 964 964 964 964 964 964 964 964 964 964 964 964 964 964 964 964 964 964 964 964 964 964 964 964 964 964 964 964 964 964 965 956 956 956 956 957 957 957 957 956 956 956 956 956 957 956 956 969 956 966 967 967 967 967 967 968 956 963 964 964 964 964 964 964 964 964 964 964 965 956 963 964 964 964 964 964 964 964 964 964 964 964 964 964 964 964 964 964 964 964 964 964 964 964 
964 964 964 964 964 964 964 964 964 964 964 964 964 964 964 964 964 964 964 964 964 964 964 964 964 964 964 964 964 964 964 964 964 964 964 964 965 956 956 956 956 957 957 957 956 956 957 957 956 956 956 969 969 956 956 969 957 956 956 956 957 957 956 963 964 964 964 964 964 964 964 964 964 964 965 956 963 964 964 964 964 964 964 964 964 964 964 964 964 964 964 964 964 964 964 964 964 964 964 964 
964 964 964 964 964 964 964 964 964 964 964 964 964 964 964 964 964 964 964 964 964 964 964 964 964 964 964 964 964 964 964 964 964 964 964 964 965 956 956 956 956 957 957 957 969 956 956 956 969 956 956 969 956 969 956 956 957 956 956 957 956 984 956 963 964 964 964 964 964 964 964 964 964 964 965 956 963 964 964 964 964 964 964 964 964 964 964 964 964 964 964 964 964 964 964 964 964 964 964 964 
964 964 964 964 964 964 964 964 964 964 964 964 964 964 964 964 964 964 964 964 964 964 964 964 964 964 964 964 964 964 964 964 964 964 964 964 965 956 956 956 956 957 956 956 956 969 956 956 956 956 956 956 956 956 956 956 957 956 956 957 956 983 956 963 964 964 964 964 964 964 964 964 964 964 965 956 963 964 964 964 964 964 964 964 964 964 964 964 964 964 964 964 964 964 964 964 964 964 964 964 
964 964 964 964 964 964 964 964 964 964 964 964 964 964 964 964 964 964 964 964 964 964 964 964 964 964 964 964 964 964 964 964 964 964 964 964 965 978 979 978 979 957 956 956 956 956 956 956 957 956 957 956 957 957 957 957 956 969 956 969 956 983 956 963 964 964 964 964 964 964 964 964 964 964 965 956 963 964 964 964 964 964 964 964 964 964 964 964 964 964 964 964 964 964 964 964 964 964 964 964 
964 964 964 964 964 964 964 964 964 964 964 964 964 964 964 964 964 964 964 964 964 964 964 964 964 964 964 964 964 964 964 964 964 964 964 964 965 956 956 956 956 957 957 956 956 956 956 957 957 956 957 956 957 957 957 956 956 956 956 956 956 983 956 963 964 964 964 964 964 964 964 964 964 964 965 956 963 964 964 964 964 964 964 964 964 964 964 964 964 964 964 964 964 964 964 964 964 964 964 964 
964 964 964 964 964 964 964 964 964 964 964 964 964 964 964 964 964 964 964 964 964 964 964 964 964 964 964 964 964 964 964 964 964 964 964 964 965 958 958 953 956 957 957 957 957 957 957 957 957 956 957 969 956 956 956 956 956 956 956 969 956 983 956 963 964 964 964 964 964 964 964 964 964 964 965 956 963 964 964 964 964 964 964 964 964 964 964 964 964 964 964 964 964 964 964 964 964 964 964 964 
964 964 964 964 964 964 964 964 964 964 964 964 964 964 964 964 964 964 964 964 964 964 964 964 964 964 964 964 964 964 964 964 964 964 964 964 965 956 956 956 956 956 956 956 956 956 956 981 956 956 957 957 957 957 957 956 957 956 956 956 956 985 956 963 964 964 964 964 964 964 964 964 964 964 965 956 963 964 964 964 964 964 964 964 964 964 964 964 964 964 964 964 964 964 964 964 964 964 964 964 
964 964 964 964 964 964 964 964 964 964 964 964 964 964 964 964 964 964 964 964 964 964 964 964 964 964 964 964 964 964 964 964 964 964 964 964 965 956 956 960 961 961 961 961 961 962 956 982 956 957 956 956 956 957 956 956 957 956 956 969 956 957 956 963 964 964 964 964 964 964 964 964 964 964 965 956 963 964 964 964 964 964 964 964 964 964 964 964 964 964 964 964 964 964 964 964 964 964 964 964 
964 964 964 964 964 964 964 964 964 964 964 964 964 964 964 964 964 964 964 964 964 964 964 964 964 964 964 964 964 964 964 964 964 964 964 964 965 956 956 966 967 967 967 967 967 968 969 957 956 956 956 969 956 969 956 956 956 957 956 956 956 984 956 963 964 964 964 964 964 964 964 964 964 964 965 956 963 964 964 964 964 964 964 964 964 964 964 964 964 964 964 964 964 964 964 964 964 964 964 964 
964 964 964 964 964 964 964 964 964 964 964 964 964 964 964 964 964 964 964 964 964 964 964 964 964 964 964 964 964 964 964 964 964 964 964 964 965 956 956 981 956 956 956 956 956 956 956 957 956 956 956 956 956 969 956 956 956 956 969 956 956 985 956 963 964 964 964 964 964 964 964 964 964 964 965 956 963 964 964 964 964 964 964 964 964 964 964 964 964 964 964 964 964 964 964 964 964 964 964 964 
964 964 964 964 964 964 964 964 964 964 964 964 964 964 964 964 964 964 964 964 964 964 964 964 964 964 964 964 964 964 964 964 964 964 964 964 965 956 956 980 956 956 956 956 956 956 956 969 956 956 956 956 956 957 956 956 956 956 956 956 957 957 956 963 964 964 964 964 964 964 964 964 964 964 965 956 963 964 964 964 964 964 964 964 964 964 964 964 964 964 964 964 964 964 964 964 964 964 964 964 
964 964 964 964 964 964 964 964 964 964 964 964 964 964 964 964 964 964 964 964 964 964 964 964 964 964 964 964 964 964 964 964 964 964 964 964 965 956 956 980 956 956 969 956 956 956 956 956 956 956 956 956 956 956 957 956 956 957 975 976 956 984 956 963 964 964 964 964 964 964 964 964 964 964 965 956 963 964 964 964 964 964 964 964 964 964 964 964 964 964 964 964 964 964 964 964 964 964 964 964 
964 964 964 964 964 964 964 964 964 964 964 964 964 964 964 964 964 964 964 964 964 964 964 964 964 964 964 964 964 964 964 964 964 964 964 964 965 956 956 980 956 956 956 956 956 956 956 956 969 956 956 956 969 956 956 956 956 957 956 956 956 985 956 963 964 964 964 964 964 964 964 964 964 964 965 956 963 964 964 964 964 964 964 964 964 964 964 964 964 964 964 964 964 964 964 964 964 964 964 964 
964 964 964 964 964 964 964 964 964 964 964 964 964 964 964 964 964 964 964 964 964 964 964 964 964 964 964 964 964 964 964 964 964 964 964 964 965 956 956 980 956 956 956 956 956 969 956 956 956 957 956 956 969 956 956 960 961 961 961 961 961 962 956 963 964 964 964 964 964 964 964 964 964 964 965 956 963 964 964 964 964 964 964 964 964 964 964 964 964 964 964 964 964 964 964 964 964 964 964 964 
964 964 964 964 964 964 964 964 964 964 964 964 964 964 964 964 964 964 964 964 964 964 964 964 964 964 964 964 964 964 964 964 964 964 964 964 965 956 956 980 956 956 956 956 969 956 956 956 969 956 956 956 956 956 956 963 964 964 964 964 964 965 956 966 967 967 967 967 967 967 967 967 967 967 968 956 963 964 964 964 964 964 964 964 964 964 964 964 964 964 964 964 964 964 964 964 964 964 964 964 
964 964 964 964 964 964 964 964 964 964 964 964 964 964 964 964 964 964 964 964 964 964 964 964 964 964 964 964 964 964 964 964 964 964 964 964 965 956 956 980 956 969 956 956 956 956 956 956 969 956 956 956 956 956 956 963 964 964 964 964 964 965 956 956 956 956 956 956 956 956 956 956 956 956 984 956 963 964 964 964 964 964 964 964 964 964 964 964 964 964 964 964 964 964 964 964 964 964 964 964 
964 964 964 964 964 964 964 964 964 964 964 964 964 964 964 964 964 964 964 964 964 964 964 964 964 964 964 964 964 964 964 964 964 964 964 964 965 956 956 980 956 956 956 956 956 969 956 956 956 956 956 956 956 956 956 966 967 967 967 967 967 968 956 956 956 956 956 969 969 969 956 956 956 956 983 956 963 964 964 964 964 964 964 964 964 964 964 964 964 964 964 964 964 964 964 964 964 964 964 964 
964 964 964 964 964 964 964 964 964 964 964 964 964 964 964 964 964 964 964 964 964 964 964 964 964 964 964 964 964 964 964 964 964 964 964 964 965 956 956 980 956 956 956 956 956 956 956 956 956 956 956 956 956 956 956 958 958 956 956 956 956 956 956 956 956 956 969 969 969 969 969 956 956 956 983 956 963 964 964 964 964 964 964 964 964 964 964 964 964 964 964 964 964 964 964 964 964 964 964 964 
964 964 964 964 964 964 964 964 964 964 964 964 964 964 964 964 964 964 964 964 964 964 964 964 964 964 964 964 964 964 964 964 964 964 964 964 965 956 956 982 956 956 956 956 956 956 956 956 956 956 956 957 956 956 956 953 978 977 977 977 977 979 957 957 956 969 969 969 969 969 969 969 956 956 983 956 963 964 964 964 964 964 964 964 964 964 964 964 964 964 964 964 964 964 964 964 964 964 964 964 
964 964 964 964 964 964 964 964 964 964 964 964 964 964 964 964 964 964 964 964 964 964 964 964 964 964 964 964 964 964 964 964 964 964 964 964 965 956 956 957 957 957 978 977 977 979 957 957 957 957 957 957 957 957 957 957 978 977 977 977 977 979 957 957 956 969 969 969 953 969 969 969 956 956 983 956 963 964 964 964 964 964 964 964 964 964 964 964 964 964 964 964 964 964 964 964 964 964 964 964 
964 964 964 964 964 964 964 964 964 964 964 964 964 964 964 964 964 964 964 964 964 964 964 964 964 964 964 964 964 964 964 964 964 964 964 964 965 956 956 981 956 956 956 956 956 956 957 956 956 956 956 956 956 956 956 956 956 956 956 956 956 956 956 956 956 969 969 969 969 969 969 969 956 956 983 956 963 964 964 964 964 964 964 964 964 964 964 964 964 964 964 964 964 964 964 964 964 964 964 964 
964 964 964 964 964 964 964 964 964 964 964 964 964 964 964 964 964 964 964 964 964 964 964 964 964 964 964 964 964 964 964 964 964 964 964 964 965 956 956 980 956 956 956 956 956 956 956 956 956 956 956 969 956 956 956 956 956 956 956 956 956 956 956 956 956 956 969 969 969 969 969 969 956 957 983 956 963 964 964 964 964 964 964 964 964 964 964 964 964 964 964 964 964 964 964 964 964 964 964 964 
964 964 964 964 964 964 964 964 964 964 964 964 964 964 964 964 964 964 964 964 964 964 964 964 964 964 964 964 964 964 964 964 964 964 964 964 965 956 956 980 956 957 956 956 956 956 956 956 956 956 956 956 956 956 956 956 956 956 956 956 956 956 956 956 956 956 956 969 969 969 969 956 956 956 983 956 963 964 964 964 964 964 964 964 964 964 964 964 964 964 964 964 964 964 964 964 964 964 964 964 
964 964 964 964 964 964 964 964 964 964 964 964 964 964 964 964 964 964 964 964 964 964 964 964 964 964 964 964 964 964 964 964 964 964 964 964 965 956 956 980 956 956 956 956 956 956 956 956 956 956 956 956 956 969 956 956 956 956 956 956 956 956 956 956 956 956 956 956 956 956 956 956 956 956 983 956 963 964 964 964 964 964 964 964 964 964 964 964 964 964 964 964 964 964 964 964 964 964 964 964 
964 964 964 964 964 964 964 964 964 964 964 964 964 964 964 964 964 964 964 964 964 964 964 964 964 964 964 964 964 964 964 964 964 964 964 964 965 956 956 980 956 956 956 956 956 956 956 956 956 956 956 956 956 956 956 956 956 956 956 956 956 956 956 956 956 956 956 956 956 956 956 956 956 956 983 956 963 964 964 964 964 964 964 964 964 964 964 964 964 964 964 964 964 964 964 964 964 964 964 964 
964 964 964 964 964 964 964 964 964 964 964 964 964 964 964 964 964 964 964 964 964 964 964 964 964 964 964 964 964 964 964 964 964 964 964 964 965 956 956 980 956 956 956 956 956 956 969 956 956 956 956 956 956 956 956 956 956 956 956 956 956 956 956 956 956 956 956 956 956 956 956 956 956 956 983 956 963 964 964 964 964 964 964 964 964 964 964 964 964 964 964 964 964 964 964 964 964 964 964 964 
964 964 964 964 964 964 964 964 964 964 964 964 964 964 964 964 964 964 964 964 964 964 964 964 964 964 964 964 964 964 964 964 964 964 964 964 965 956 956 980 956 969 956 956 956 956 956 956 956 956 956 956 956 956 956 956 956 956 956 956 956 956 956 956 956 956 956 956 956 956 956 956 956 956 983 956 963 964 964 964 964 964 964 964 964 964 964 964 964 964 964 964 964 964 964 964 964 964 964 964 
964 964 964 964 964 964 964 964 964 964 964 964 964 964 964 964 964 964 964 964 964 964 964 964 964 964 964 964 964 964 964 964 964 964 964 964 965 956 956 980 956 956 956 956 956 956 956 956 956 956 956 956 956 956 956 956 956 956 956 956 956 956 956 956 956 956 956 956 956 956 956 956 956 956 983 956 963 964 964 964 964 964 964 964 964 964 964 964 964 964 964 964 964 964 964 964 964 964 964 964 
964 964 964 964 964 964 964 964 964 964 964 964 964 964 964 964 964 964 964 964 964 964 964 964 964 964 964 964 964 964 964 964 964 964 964 964 965 956 956 980 956 956 956 957 956 956 956 956 956 956 956 956 969 956 956 956 956 956 956 956 956 956 956 956 956 956 956 956 956 956 956 956 956 956 983 956 963 964 964 964 964 964 964 964 964 964 964 964 964 964 964 964 964 964 964 964 964 964 964 964 
964 964 964 964 964 964 964 964 964 964 964 964 964 964 964 964 964 964 964 964 964 964 964 964 964 964 964 964 964 964 964 964 964 964 964 964 965 956 956 980 956 956 956 956 956 969 956 956 956 956 956 956 969 956 956 956 956 956 956 969 956 956 956 956 956 956 956 957 956 956 956 956 956 956 985 956 963 964 964 964 964 964 964 964 964 964 964 964 964 964 964 964 964 964 964 964 964 964 964 964 
964 964 964 964 964 964 964 964 964 964 964 964 964 964 964 964 964 964 964 964 964 964 964 964 964 964 964 964 964 964 964 964 964 964 964 964 965 956 956 980 956 956 956 956 956 956 956 956 956 956 956 956 956 956 956 956 956 957 958 958 956 957 956 956 956 956 956 956 956 956 956 956 956 956 957 956 963 964 964 964 964 964 964 964 964 964 964 964 964 964 964 964 964 964 964 964 964 964 964 964 
964 964 964 964 964 964 964 964 964 964 964 964 964 964 964 964 964 964 964 964 964 964 964 964 964 964 964 964 964 964 964 964 964 964 964 964 965 956 956 980 956 956 956 956 956 956 956 969 956 956 956 956 956 969 956 956 957 958 936 958 956 956 956 956 956 956 956 956 956 956 957 956 956 957 956 956 963 964 964 964 964 964 964 964 964 964 964 964 964 964 964 964 964 964 964 964 964 964 964 964 
964 964 964 964 964 964 964 964 964 964 964 964 964 964 964 964 964 964 964 964 964 964 964 964 964 964 964 964 964 964 964 964 964 964 964 964 965 956 956 980 956 956 956 956 956 969 956 956 956 956 956 956 956 969 956 957 958 936 936 936 958 956 956 956 956 956 956 956 956 956 956 956 956 984 956 956 963 964 964 964 964 964 964 964 964 964 964 964 964 964 964 964 964 964 964 964 964 964 964 964 
964 964 964 964 964 964 964 964 964 964 964 964 964 964 964 964 964 964 964 964 964 964 964 964 964 964 964 964 964 964 964 964 964 964 964 964 965 956 956 980 956 956 956 956 956 956 956 956 956 956 956 969 956 956 956 957 958 958 936 958 956 956 956 956 956 956 956 956 956 956 956 956 956 983 956 956 963 964 964 964 964 964 964 964 964 964 964 964 964 964 964 964 964 964 964 964 964 964 964 964 
964 964 964 964 964 964 964 964 964 964 964 964 964 964 964 964 964 964 964 964 964 964 964 964 964 964 964 964 964 964 964 964 964 964 964 964 965 956 956 980 956 956 956 956 956 956 956 956 956 956 956 956 956 956 957 956 956 958 958 956 956 956 956 957 956 956 956 956 956 956 956 956 956 983 956 956 963 964 964 964 964 964 964 964 964 964 964 964 964 964 964 964 964 964 964 964 964 964 964 964 
964 964 964 964 964 964 964 964 964 964 964 964 964 964 964 964 964 964 964 964 964 964 964 964 964 964 964 964 964 964 964 964 964 964 964 964 965 956 956 982 956 956 956 956 956 956 957 956 956 956 956 956 956 956 956 956 956 956 956 956 956 956 956 956 956 956 956 956 956 957 956 956 956 985 956 956 963 964 964 964 964 964 964 964 964 964 964 964 964 964 964 964 964 964 964 964 964 964 964 964 
964 964 964 964 964 964 964 964 964 964 964 964 964 964 964 964 964 964 964 964 964 964 964 964 964 964 964 964 964 964 964 964 964 964 964 964 965 956 956 957 956 956 956 956 956 956 956 956 956 956 956 956 956 956 956 956 956 956 956 956 956 956 956 956 956 956 956 956 956 956 956 956 956 957 956 956 963 964 964 964 964 964 964 964 964 964 964 964 964 964 964 964 964 964 964 964 964 964 964 964 
964 964 964 964 964 964 964 964 964 964 964 964 964 964 964 964 964 964 961 961 961 961 961 961 961 961 961 961 961 961 961 961 961 961 961 961 961 961 961 961 961 961 961 961 961 961 961 961 961 961 961 961 961 961 961 961 961 961 961 961 961 961 961 961 961 961 961 961 961 961 961 961 961 961 961 961 961 961 961 961 961 961 961 961 961 961 961 961 961 961 961 961 961 961 964 964 964 964 964 964 
964 964 964 964 964 964 964 964 964 964 964 964 964 964 964 964 964 964 964 964 964 964 964 964 964 964 964 964 964 964 964 964 964 964 964 964 964 964 964 964 964 964 964 964 964 964 964 964 964 964 964 964 964 964 964 964 964 964 964 964 964 964 964 964 964 964 964 964 964 964 964 964 964 964 964 964 964 964 964 964 964 964 964 964 964 964 964 964 964 964 964 964 964 964 964 964 964 964 964 964 
964 964 964 964 964 964 964 964 964 964 964 964 964 964 964 964 964 964 964 964 964 964 964 964 964 964 964 964 964 964 964 964 964 964 964 964 964 964 964 964 964 964 964 964 964 964 964 964 964 964 964 964 964 964 964 964 964 964 964 964 964 964 964 964 964 964 964 964 964 964 964 964 964 964 964 964 964 964 964 964 964 964 964 964 964 964 964 964 964 964 964 964 964 964 964 964 964 964 964 964 
964 964 964 964 964 964 964 964 964 964 964 964 964 964 964 964 964 964 964 964 964 964 964 964 964 964 964 964 964 964 964 964 964 964 964 964 964 964 964 964 964 964 964 964 964 964 964 964 964 964 964 964 964 964 964 964 964 964 964 964 964 964 964 964 964 964 964 964 964 964 964 964 964 964 964 964 964 964 964 964 964 964 964 964 964 964 964 964 964 964 964 964 964 964 964 964 964 964 964 964 
964 964 964 964 964 964 964 964 964 964 964 964 964 964 964 964 964 964 964 964 964 964 964 964 964 964 964 964 964 964 964 964 964 964 964 964 964 964 964 964 964 964 964 964 964 964 964 964 964 964 964 964 964 964 964 964 964 964 964 964 964 964 964 964 964 964 964 964 964 964 964 964 964 964 964 964 964 964 964 964 964 964 964 964 964 964 964 964 964 964 964 964 964 964 964 964 964 964 964 964 
964 964 964 964 964 964 964 964 964 964 964 964 964 964 964 964 964 964 964 964 964 964 964 964 964 964 964 964 964 964 964 964 964 964 964 964 964 964 964 964 964 964 964 964 964 964 964 964 964 964 964 964 964 964 964 964 964 964 964 964 964 964 964 964 964 964 964 964 964 964 964 964 964 964 964 964 964 964 964 964 964 964 964 964 964 964 964 964 964 964 964 964 964 964 964 964 964 964 964 964 
964 964 964 964 964 964 964 964 964 964 964 964 964 964 964 964 964 964 964 964 964 964 964 964 964 964 964 964 964 964 964 964 964 964 964 964 964 964 964 964 964 964 964 964 964 964 964 964 964 964 964 964 964 964 964 964 964 964 964 964 964 964 964 964 964 964 964 964 964 964 964 964 964 964 964 964 964 964 964 964 964 964 964 964 964 964 964 964 964 964 964 964 964 964 964 964 964 964 964 964 
964 964 964 964 964 964 964 964 964 964 964 964 964 964 964 964 964 964 964 964 964 964 964 964 964 964 964 964 964 964 964 964 964 964 964 964 964 964 964 964 964 964 964 964 964 964 964 964 964 964 964 964 964 964 964 964 964 964 964 964 964 964 964 964 964 964 964 964 964 964 964 964 964 964 964 964 964 964 964 964 964 964 964 964 964 964 964 964 964 964 964 964 964 964 964 964 964 964 964 964 
964 964 964 964 964 964 964 964 964 964 964 964 964 964 964 964 964 964 964 964 964 964 964 964 964 964 964 964 964 964 964 964 964 964 964 964 964 964 964 964 964 964 964 964 964 964 964 964 964 964 964 964 964 964 964 964 964 964 964 964 964 964 964 964 964 964 964 964 964 964 964 964 964 964 964 964 964 964 964 964 964 964 964 964 964 964 964 964 964 964 964 964 964 964 964 964 964 964 964 964 
964 964 964 964 964 964 964 964 964 964 964 964 964 964 964 964 964 964 964 964 964 964 964 964 964 964 964 964 964 964 964 964 964 964 964 964 964 964 964 964 964 964 964 964 964 964 964 964 964 964 964 964 964 964 964 964 964 964 964 964 964 964 964 964 964 964 964 964 964 964 964 964 964 964 964 964 964 964 964 964 964 964 964 964 964 964 964 964 964 964 964 964 964 964 964 964 964 964 964 964 
964 964 964 964 964 964 964 964 964 964 964 964 964 964 964 964 964 964 964 964 964 964 964 964 964 964 964 964 964 964 964 964 964 964 964 964 964 964 964 964 964 964 964 964 964 964 964 964 964 964 964 964 964 964 964 964 964 964 964 964 964 964 964 964 964 964 964 964 964 964 964 964 964 964 964 964 964 964 964 964 964 964 964 964 964 964 964 964 964 964 964 964 964 964 964 964 964 964 964 964 
964 964 964 964 964 964 964 964 964 964 964 964 964 964 964 964 964 964 964 964 964 964 964 964 964 964 964 964 964 964 964 964 964 964 964 964 964 964 964 964 964 964 964 964 964 964 964 964 964 964 964 964 964 964 964 964 964 964 964 964 964 964 964 964 964 964 964 964 964 964 964 964 964 964 964 964 964 964 964 964 964 964 964 964 964 964 964 964 964 964 964 964 964 964 964 964 964 964 964 964 
964 964 964 964 964 964 964 964 964 964 964 964 964 964 964 964 964 964 964 964 964 964 964 964 964 964 964 964 964 964 964 964 964 964 964 964 964 964 964 964 964 964 964 964 964 964 964 964 964 964 964 964 964 964 964 964 964 964 964 964 964 964 964 964 964 964 964 964 964 964 964 964 964 964 964 964 964 964 964 964 964 964 964 964 964 964 964 964 964 964 964 964 964 964 964 964 964 964 964 964 
964 964 964 964 964 964 964 964 964 964 964 964 964 964 964 964 964 964 964 964 964 964 964 964 964 964 964 964 964 964 964 964 964 964 964 964 964 964 964 964 964 964 964 964 964 964 964 964 964 964 964 964 964 964 964 964 964 964 964 964 964 964 964 964 964 964 964 964 964 964 964 964 964 964 964 964 964 964 964 964 964 964 964 964 964 964 964 964 964 964 964 964 964 964 964 964 964 964 964 964 
964 964 964 964 964 964 964 964 964 964 964 964 964 964 964 964 964 964 964 964 964 964 964 964 964 964 964 964 964 964 964 964 964 964 964 964 964 964 964 964 964 964 964 964 964 964 964 964 964 964 964 964 964 964 964 964 964 964 964 964 964 964 964 964 964 964 964 964 964 964 964 964 964 964 964 964 964 964 964 964 964 964 964 964 964 964 964 964 964 964 964 964 964 964 964 964 964 964 964 964 
964 964 964 964 964 964 964 964 964 964 964 964 964 964 964 964 964 964 964 964 964 964 964 964 964 964 964 964 964 964 964 964 964 964 964 964 964 964 964 964 964 964 964 964 964 964 964 964 964 964 964 964 964 964 964 964 964 964 964 964 964 964 964 964 964 964 964 964 964 964 964 964 964 964 964 964 964 964 964 964 964 964 964 964 964 964 964 964 964 964 964 964 964 964 964 964 964 964 964 964 
964 964 964 964 964 964 964 964 964 964 964 964 964 964 964 964 964 964 964 964 964 964 964 964 964 964 964 964 964 964 964 964 964 964 964 964 964 964 964 964 964 964 964 964 964 964 964 964 964 964 964 964 964 964 964 964 964 964 964 964 964 964 964 964 964 964 964 964 964 964 964 964 964 964 964 964 964 964 964 964 964 964 964 964 964 964 964 964 964 964 964 964 964 964 964 964 964 964 964 964 
964 964 964 964 964 964 964 964 964 964 964 964 964 964 964 964 964 964 964 964 964 964 964 964 964 964 964 964 964 964 964 964 964 964 964 964 964 964 964 964 964 964 964 964 964 964 964 964 964 964 964 964 964 964 964 964 964 964 964 964 964 964 964 964 964 964 964 964 964 964 964 964 964 964 964 964 964 964 964 964 964 964 964 964 964 964 964 964 964 964 964 964 964 964 964 964 964 964 964 964 
964 964 964 964 964 964 964 964 964 964 964 964 964 964 964 964 964 964 964 964 964 964 964 964 964 964 964 964 964 964 964 964 964 964 964 964 964 964 964 964 964 964 964 964 964 964 964 964 964 964 964 964 964 964 964 964 964 964 964 964 964 964 964 964 964 964 964 964 964 964 964 964 964 964 964 964 964 964 964 964 964 964 964 964 964 964 964 964 964 964 964 964 964 964 964 964 964 964 964 964 
964 964 964 964 964 964 964 964 964 964 964 964 964 964 964 964 964 964 964 964 964 964 964 964 964 964 964 964 964 964 964 964 964 964 964 964 964 964 964 964 964 964 964 964 964 964 964 964 964 964 964 964 964 964 964 964 964 964 964 964 964 964 964 964 964 964 964 964 964 964 964 964 964 964 964 964 964 964 964 964 964 964 964 964 964 964 964 964 964 964 964 964 964 964 964 964 964 964 964 964 
964 964 964 964 964 964 964 964 964 964 964 964 964 964 964 964 964 964 964 964 964 964 964 964 964 964 964 964 964 964 964 964 964 964 964 964 964 964 964 964 964 964 964 964 964 964 964 964 964 964 964 964 964 964 964 964 964 964 964 964 964 964 964 964 964 964 964 964 964 964 964 964 964 964 964 964 964 964 964 964 964 964 964 964 964 964 964 964 964 964 964 964 964 964 964 964 964 964 964 964 
964 964 964 964 964 964 964 964 964 964 964 964 964 964 964 964 964 964 964 964 964 964 964 964 964 964 964 964 964 964 964 964 964 964 964 964 964 964 964 964 964 964 964 964 964 964 964 964 964 964 964 964 964 964 964 964 964 964 964 964 964 964 964 964 964 964 964 964 964 964 964 964 964 964 964 964 964 964 964 964 964 964 964 964 964 964 964 964 964 964 964 964 964 964 964 964 964 964 964 964 
964 964 964 964 964 964 964 964 964 964 964 964 964 964 964 964 964 964 964 964 964 964 964 964 964 964 964 964 964 964 964 964 964 964 964 964 964 964 964 964 964 964 964 964 964 964 964 964 964 964 964 964 964 964 964 964 964 964 964 964 964 964 964 964 964 964 964 964 964 964 964 964 964 964 964 964 964 964 964 964 964 964 964 964 964 964 964 964 964 964 964 964 964 964 964 964 964 964 964 964 
964 964 964 964 964 964 964 964 964 964 964 964 964 964 964 964 964 964 964 964 964 964 964 964 964 964 964 964 964 964 964 964 964 964 964 964 964 964 964 964 964 964 964 964 964 964 964 964 964 964 964 964 964 964 964 964 964 964 964 964 964 964 964 964 964 964 964 964 964 964 964 964 964 964 964 964 964 964 964 964 964 964 964 964 964 964 964 964 964 964 964 964 964 964 964 964 964 964 964 964 
964 964 964 964 964 964 964 964 964 964 964 964 964 964 964 964 964 964 964 964 964 964 964 964 964 964 964 964 964 964 964 964 964 964 964 964 964 964 964 964 964 964 964 964 964 964 964 964 964 964 964 964 964 964 964 964 964 964 964 964 964 964 964 964 964 964 964 964 964 964 964 964 964 964 964 964 964 964 964 964 964 964 964 964 964 964 964 964 964 964 964 964 964 964 964 964 964 964 964 964 
