964 964 964 964 964 964 964 964 964 964 964 964 964 964 964 964 964 964 964 964 964 964 964 964 964 964 964 964 964 964 964 964 964 964 964 964 964 964 964 964 964 964 964 964 964 964 964 964 964 964 964 964 964 964 964 964 964 964 964 964 964 964 964 964 964 964 964 964 964 964 964 964 964 964 964 964 964 964 964 964 964 964 964 964 964 964 964 964 964 964 964 964 964 964 964 964 964 964 964 964 
964 964 964 964 964 964 964 964 964 964 964 964 964 964 964 964 964 964 964 964 964 964 964 964 964 964 964 964 964 964 964 964 964 964 964 964 964 964 964 964 964 964 964 964 964 964 964 964 964 964 964 964 964 964 964 964 964 964 964 964 964 964 964 964 964 964 964 964 964 964 964 964 964 964 964 964 964 964 964 964 964 964 964 964 964 964 964 964 964 964 964 964 964 964 964 964 964 964 964 964 
964 964 964 964 964 964 964 964 964 964 964 964 964 964 964 964 964 964 964 964 964 964 964 964 964 964 964 964 964 964 964 964 964 964 964 964 964 964 964 964 964 964 964 964 964 964 964 964 964 964 964 964 964 964 964 964 964 964 964 964 964 964 964 964 964 964 964 964 964 964 964 964 964 964 964 964 964 964 964 964 964 964 964 964 964 964 964 964 964 964 964 964 964 964 964 964 964 964 964 964 
964 964 964 964 964 964 964 964 964 964 964 964 964 964 964 964 964 964 964 964 964 964 964 964 964 964 964 964 964 964 964 964 964 964 964 964 964 964 964 964 964 964 964 964 964 964 964 964 964 964 964 964 964 964 964 964 964 964 964 964 964 964 964 964 964 964 964 964 964 964 964 964 964 964 964 964 964 964 964 964 964 964 964 964 964 964 964 964 964 964 964 964 964 964 964 964 964 964 964 964 
964 964 964 964 964 964 964 964 964 964 964 964 964 964 964 964 964 964 964 964 964 964 964 964 964 964 964 964 964 964 964 964 964 964 964 964 964 964 964 964 964 964 964 964 964 964 964 964 964 964 964 964 964 964 964 964 964 964 964 964 964 964 964 964 964 964 964 964 964 964 964 964 964 964 964 964 964 964 964 964 964 964 964 964 964 964 964 964 964 964 964 964 964 964 964 964 964 964 964 964 
964 964 964 964 964 964 964 964 964 964 964 964 964 964 964 964 964 964 964 964 964 964 964 964 964 964 964 964 964 964 964 964 964 964 964 964 964 964 964 964 964 964 964 964 964 964 964 964 964 964 964 964 964 964 964 964 964 964 964 964 964 964 964 964 964 964 964 964 964 964 964 964 964 964 964 964 964 964 964 964 964 964 964 964 964 964 964 964 964 964 964 964 964 964 964 964 964 964 964 964 
964 964 964 964 964 964 964 964 964 964 964 964 964 964 964 964 964 964 964 964 964 964 964 964 964 964 964 964 964 964 964 964 964 964 964 964 964 964 964 964 964 964 964 964 964 964 964 964 964 964 964 964 964 964 964 964 964 964 964 964 964 964 964 964 964 964 964 964 964 964 964 964 964 964 964 964 964 964 964 964 964 964 964 964 964 964 964 964 964 964 964 964 964 964 964 964 964 964 964 964 
964 964 964 964 964 964 964 964 964 964 964 964 964 964 964 964 964 964 964 964 964 964 964 964 964 964 964 964 964 964 964 964 964 964 964 964 964 964 964 964 964 964 964 964 964 964 964 964 964 964 964 964 964 964 964 964 964 964 964 964 964 964 964 964 964 964 964 964 964 964 964 964 964 964 964 964 964 964 964 964 964 964 964 964 964 964 964 964 964 964 964 964 964 964 964 964 964 964 964 964 
964 964 964 964 964 964 964 964 964 964 964 964 964 964 964 964 964 964 964 964 964 964 964 964 964 964 964 964 964 964 964 964 964 964 964 964 964 964 964 964 964 964 964 964 964 964 964 964 964 964 964 964 964 964 964 964 964 964 964 964 964 964 964 964 964 964 964 964 964 964 964 964 964 964 964 964 964 964 964 964 964 964 964 964 964 964 964 964 964 964 964 964 964 964 964 964 964 964 964 964 
964 964 964 964 964 964 964 964 964 964 964 964 964 964 964 964 964 964 964 964 964 964 964 964 964 964 964 964 964 964 964 964 964 964 964 964 964 964 964 964 964 964 964 964 964 964 964 964 964 964 964 964 964 964 964 964 964 964 964 964 964 964 964 964 964 964 964 964 964 964 964 964 964 964 964 964 964 964 964 964 964 964 964 964 964 964 964 964 964 964 964 964 964 964 964 964 964 964 964 964 
964 964 964 964 964 964 964 964 964 964 964 964 964 964 964 964 964 964 964 964 964 964 964 964 964 964 964 964 964 964 964 964 964 964 964 964 964 964 964 964 964 964 964 964 964 964 964 964 964 964 964 964 964 964 964 964 964 964 964 964 964 964 964 964 964 964 964 964 964 964 964 964 964 964 964 964 964 964 964 964 964 964 964 964 964 964 964 964 964 964 964 964 964 964 964 964 964 964 964 964 
964 964 964 964 964 964 964 964 964 964 964 964 964 964 964 964 964 964 964 964 964 964 964 964 964 964 964 964 964 964 964 964 964 964 964 964 964 964 964 964 964 964 964 964 964 964 964 964 964 964 964 964 964 964 964 964 964 964 964 964 964 964 964 964 964 964 964 964 964 964 964 964 964 964 964 964 964 964 964 964 964 964 964 964 964 964 964 964 964 964 964 964 964 964 964 964 964 964 964 964 
964 964 964 964 964 964 964 964 964 964 964 964 964 964 964 964 964 964 964 964 964 964 964 964 964 964 964 964 964 964 964 964 964 964 964 964 964 964 964 964 964 964 964 964 964 964 964 964 964 964 964 964 964 964 964 964 964 964 964 964 964 964 964 964 964 964 964 964 964 964 964 964 964 964 964 964 964 964 964 964 964 964 964 964 964 964 964 964 964 964 964 964 964 964 964 964 964 964 964 964 
964 964 964 964 964 964 964 964 964 964 964 964 964 964 964 964 964 964 964 964 964 964 964 964 964 964 964 964 964 964 964 964 964 964 964 964 964 964 964 964 964 964 964 964 964 964 964 964 964 964 964 964 964 964 964 964 964 964 964 964 964 964 964 964 964 964 964 964 964 964 964 964 964 964 964 964 964 964 964 964 964 964 964 964 964 964 964 964 964 964 964 964 964 964 964 964 964 964 964 964 
964 964 964 964 964 964 964 964 964 964 964 964 964 964 964 964 964 964 964 964 964 964 964 964 964 964 964 964 964 964 964 964 964 964 964 964 964 964 964 964 964 964 964 964 964 964 964 964 964 964 964 964 964 964 964 964 964 964 964 964 964 964 964 964 964 964 964 964 964 964 964 964 964 964 964 964 964 964 964 964 964 964 964 964 964 964 964 964 964 964 964 964 964 964 964 964 964 964 964 964 
964 964 964 964 964 964 964 964 964 964 964 964 964 964 964 964 964 964 964 964 964 964 964 964 964 964 964 964 964 964 964 964 964 964 964 964 964 964 964 964 964 964 964 964 964 964 964 964 964 964 964 964 964 964 964 964 964 964 964 964 964 964 964 964 964 964 964 964 964 964 964 964 964 964 964 964 964 964 964 964 964 964 964 964 964 964 964 964 964 964 964 964 964 964 964 964 964 964 964 964 
964 964 964 964 964 964 964 964 964 964 964 964 964 964 964 964 964 964 964 964 964 964 964 964 964 964 964 964 964 964 964 964 964 964 964 964 964 964 964 964 964 964 964 964 964 964 964 964 964 964 964 964 964 964 964 964 964 964 964 964 964 964 964 964 964 964 964 964 964 964 964 964 964 964 964 964 964 964 964 964 964 964 964 964 964 964 964 964 964 964 964 964 964 964 964 964 964 964 964 964 
964 964 964 964 964 964 964 964 964 964 964 964 964 964 964 964 964 964 964 964 964 964 964 964 964 964 964 964 964 964 964 964 964 964 964 964 964 964 964 964 964 964 964 964 964 964 964 964 964 964 964 964 964 964 964 964 964 964 964 964 964 964 964 964 964 964 964 964 964 964 964 964 964 964 964 964 964 964 964 964 964 964 964 964 964 964 964 964 964 964 964 964 964 964 964 964 964 964 964 964 
964 964 964 964 964 964 964 964 964 964 964 964 964 964 964 964 964 964 964 964 964 964 964 964 964 964 964 964 964 964 964 964 964 964 964 964 964 964 964 964 964 964 964 964 964 964 964 964 964 964 964 964 964 964 964 964 964 964 964 964 964 964 964 964 964 964 964 964 964 964 964 964 964 964 964 964 964 964 964 964 964 964 964 964 964 964 964 964 964 964 964 964 964 964 964 964 964 964 964 964 
964 964 964 964 964 964 964 964 964 964 964 964 964 964 964 964 964 964 964 964 964 964 964 964 964 964 964 964 964 964 964 964 964 964 964 964 964 964 964 964 964 964 964 964 964 964 964 964 964 964 964 964 964 964 964 964 964 964 964 964 964 964 964 964 964 964 964 964 964 964 964 964 964 964 964 964 964 964 964 964 964 964 964 964 964 964 964 964 964 964 964 964 964 964 964 964 964 964 964 964 
964 964 964 964 964 964 964 964 964 964 964 964 964 964 964 964 964 964 964 964 964 964 964 964 964 964 964 964 964 964 964 964 964 964 964 964 964 964 964 964 964 964 964 964 964 964 964 964 964 964 964 964 964 964 964 964 964 964 964 964 964 964 964 964 964 964 964 964 964 964 964 964 964 964 964 964 964 964 964 964 964 964 964 964 964 964 964 964 964 964 964 964 964 964 964 964 964 964 964 964 
964 964 964 964 964 964 964 964 964 964 964 964 964 964 964 964 964 964 964 964 964 964 964 964 964 964 964 964 964 964 964 964 964 964 964 964 964 964 964 964 964 964 964 964 964 964 964 964 964 964 964 964 964 964 964 964 964 964 964 964 964 964 964 964 964 964 964 964 964 964 964 964 964 964 964 964 964 964 964 964 964 964 964 964 964 964 964 964 964 964 964 964 964 964 964 964 964 964 964 964 
964 964 964 964 964 964 964 964 964 964 964 964 964 964 964 964 964 964 964 964 964 964 964 964 964 964 964 964 964 964 964 964 964 964 964 964 964 964 964 964 964 964 964 964 964 964 964 964 964 964 964 964 964 964 964 964 964 964 964 964 964 964 964 964 964 964 964 964 964 964 964 964 964 964 964 964 964 964 964 964 964 964 964 964 964 964 964 964 964 964 964 964 964 964 964 964 964 964 964 964 
964 964 964 964 964 964 964 964 964 964 964 964 964 964 964 964 964 964 964 964 964 964 964 964 964 964 964 964 964 964 964 964 964 964 964 964 964 964 964 964 964 964 964 964 964 964 964 964 964 964 964 964 964 964 964 964 964 964 964 964 964 964 964 964 964 964 964 964 964 964 964 964 964 964 964 964 964 964 964 964 964 964 964 964 964 964 964 964 964 964 964 964 964 964 964 964 964 964 964 964 
964 964 964 964 964 964 964 964 964 964 964 964 964 964 964 964 964 964 964 964 964 964 964 964 964 964 964 964 964 964 964 964 964 964 964 964 964 964 964 964 964 964 964 964 964 964 964 964 964 964 964 964 964 964 964 964 964 964 964 964 964 964 964 964 964 964 964 964 964 964 964 964 964 964 964 964 964 964 964 964 964 964 964 964 964 964 964 964 964 964 964 964 964 964 964 964 964 964 964 964 
964 964 964 964 964 964 964 964 964 964 964 964 964 964 964 964 964 964 964 964 964 964 964 964 964 964 964 964 964 964 964 964 964 964 964 964 964 964 964 964 964 964 964 964 964 964 964 964 964 964 964 964 964 964 964 964 964 964 964 964 964 964 964 964 964 964 964 964 964 964 964 964 964 964 964 964 964 964 964 964 964 964 964 964 964 964 964 964 964 964 964 964 964 964 964 964 964 964 964 964 
964 964 964 964 964 964 964 964 964 964 964 964 964 964 964 964 964 964 964 964 964 964 964 964 964 964 964 964 964 964 964 964 964 964 964 964 964 964 964 964 964 964 964 964 964 964 964 964 964 964 964 964 964 964 964 964 964 964 964 964 964 964 964 964 964 964 964 964 964 964 964 964 964 964 964 964 964 964 964 964 964 964 964 964 964 964 964 964 964 964 964 964 964 964 964 964 964 964 964 964 
964 964 964 964 964 964 964 964 964 964 964 964 964 964 964 964 964 964 964 964 964 964 964 964 964 964 964 964 964 964 964 964 964 964 964 964 964 964 964 964 964 964 964 964 964 964 964 964 964 964 964 964 964 964 964 964 964 964 964 964 964 964 964 964 964 964 964 964 964 964 964 964 964 964 964 964 964 964 964 964 964 964 964 964 964 964 964 964 964 964 964 964 964 964 964 964 964 964 964 964 
964 964 964 964 964 964 964 964 964 964 964 964 964 964 964 964 964 964 964 964 964 964 964 964 964 964 964 964 964 964 964 964 964 964 964 964 964 964 964 964 964 964 964 964 964 964 964 964 964 964 964 964 964 964 964 964 964 964 964 964 964 964 964 964 964 964 964 964 964 964 964 964 964 964 964 964 964 964 964 964 964 964 964 964 964 964 964 964 964 964 964 964 964 964 964 964 964 964 964 964 
964 964 964 964 964 964 964 964 964 964 964 964 964 964 964 964 964 964 964 964 964 964 964 964 964 964 964 964 964 964 964 964 964 964 964 964 964 964 964 964 964 964 964 964 964 964 964 964 964 964 964 964 964 964 964 964 964 964 964 964 964 964 964 964 964 964 964 964 964 964 964 964 964 964 964 964 964 964 964 964 964 964 964 964 964 964 964 964 964 964 964 964 964 964 964 964 964 964 964 964 
964 964 964 964 964 964 964 964 964 964 964 964 964 964 964 964 964 964 964 964 964 964 964 964 964 964 964 964 964 964 964 964 964 964 964 964 964 964 964 964 964 964 964 964 964 964 964 964 964 964 964 964 964 964 964 964 964 964 964 964 964 964 964 964 964 964 964 964 964 964 964 964 964 958 964 964 964 964 964 964 964 964 964 964 964 964 964 964 964 964 964 964 964 964 964 964 964 964 964 964 
964 964 964 964 964 964 964 964 964 964 964 964 964 964 964 964 964 964 964 964 964 964 964 964 964 964 964 964 964 964 964 964 964 964 964 964 964 964 964 964 964 964 964 964 964 964 964 964 964 964 964 964 964 964 964 964 964 964 964 964 964 964 964 964 964 964 964 964 964 964 964 964 958 958 958 964 964 964 964 964 964 964 964 964 964 964 964 964 964 964 964 964 964 964 964 964 964 964 964 964 
964 964 964 964 964 964 964 964 964 964 964 964 964 964 964 964 964 964 964 964 964 964 964 964 964 964 964 964 964 964 964 964 964 964 964 964 964 964 964 964 964 964 964 964 964 964 964 964 964 964 964 964 964 964 964 964 964 964 964 964 964 964 964 964 964 964 964 964 964 964 964 964 958 958 958 958 964 964 964 964 964 964 964 964 964 964 964 964 964 964 964 964 964 964 964 964 964 964 964 964 
964 964 964 964 964 964 964 964 964 964 964 964 964 964 964 964 964 964 964 964 964 964 964 964 964 964 964 964 964 964 964 964 964 964 964 964 964 964 964 964 964 964 964 964 964 964 964 964 964 964 964 964 964 964 964 964 964 964 964 964 964 964 964 964 964 964 964 964 964 964 964 964 958 958 958 958 958 964 964 964 964 964 964 964 964 964 964 964 964 964 964 964 964 964 964 964 964 964 964 964 
964 964 964 964 964 964 964 964 964 964 964 964 964 964 964 964 964 964 964 964 964 964 964 964 964 964 964 964 964 964 964 964 964 964 964 964 964 964 964 964 964 964 964 964 964 964 964 964 964 964 964 964 964 964 964 964 964 964 964 964 964 964 964 964 964 964 964 964 964 964 964 964 958 958 958 958 958 958 964 964 964 964 964 964 964 964 964 964 964 964 964 964 964 964 964 964 964 964 964 964 
964 964 964 964 964 964 964 964 964 964 964 964 964 964 964 964 964 964 964 964 964 964 964 964 964 964 964 964 964 964 964 964 964 964 964 964 964 964 964 964 964 964 964 964 964 964 964 964 964 964 964 964 964 964 964 964 964 964 964 964 964 964 964 964 964 964 964 964 964 964 964 958 958 958 958 958 958 958 964 964 964 964 964 964 964 964 964 964 964 964 964 964 964 964 964 964 964 964 964 964 
964 964 964 964 964 964 964 964 964 964 964 964 964 964 964 964 964 964 964 964 964 964 964 964 964 964 964 964 964 964 964 964 964 964 964 964 964 964 964 964 964 964 964 964 964 964 964 964 964 964 964 964 964 964 964 964 964 964 964 964 964 964 964 964 964 964 964 964 964 964 964 958 958 958 958 964 964 958 964 964 964 964 964 964 964 964 964 964 964 964 964 964 964 964 964 964 964 964 964 964 
964 964 964 964 964 964 964 964 964 964 964 964 964 964 964 964 964 964 964 964 964 964 964 964 964 964 964 964 964 964 964 964 964 964 964 964 964 964 964 964 964 964 964 964 964 964 964 964 964 964 964 964 964 964 964 964 964 964 964 964 964 964 964 964 964 964 964 964 964 964 964 964 964 964 964 964 964 964 964 964 964 964 964 964 964 964 964 964 964 964 964 964 964 964 964 964 964 964 964 964 
964 964 964 964 964 964 964 964 964 964 964 964 964 964 964 964 964 964 964 964 964 964 964 964 964 964 964 964 964 964 964 964 964 964 964 964 964 964 964 964 964 964 964 964 964 964 964 964 964 964 964 964 964 964 964 964 964 964 964 964 964 964 964 964 964 964 964 964 964 964 964 964 964 964 964 964 964 964 964 964 964 964 964 964 964 964 964 964 964 964 964 964 964 964 964 964 964 964 964 964 
964 964 964 964 964 964 964 964 964 964 964 964 964 964 964 964 964 964 964 964 964 964 964 964 964 964 964 964 964 964 964 964 964 964 964 964 964 964 964 964 964 964 964 964 964 964 964 964 964 964 964 964 964 964 964 964 964 964 964 964 964 964 964 964 964 964 964 964 964 964 964 964 964 964 964 964 964 964 964 964 964 964 964 964 964 964 964 964 964 964 964 964 964 964 964 964 964 964 964 964 
964 964 964 964 964 964 964 964 964 964 964 964 964 964 964 964 964 964 964 964 964 964 964 964 964 964 964 964 964 964 964 964 964 964 964 964 964 964 964 964 964 964 964 964 964 964 964 964 964 964 964 964 964 964 964 964 964 964 964 964 964 964 964 964 964 964 964 964 964 964 964 964 964 964 964 964 964 964 964 964 964 964 964 964 964 964 964 964 964 964 964 964 964 964 964 964 964 964 964 964 
964 964 964 964 964 964 964 964 964 964 964 964 964 964 964 964 964 964 964 964 964 964 964 964 964 964 964 964 964 964 964 964 964 964 964 964 964 964 964 964 964 964 964 964 964 964 964 964 964 964 964 964 964 964 964 964 964 964 964 964 964 964 964 964 964 964 964 964 964 964 964 964 964 964 964 964 964 964 964 964 964 964 964 964 964 964 964 964 964 964 964 964 964 964 964 964 964 964 964 964 
964 964 964 964 964 964 964 964 964 964 964 964 964 964 964 964 964 964 964 964 964 964 964 964 964 964 964 964 964 964 964 964 964 964 964 964 964 964 964 964 964 964 964 964 964 964 964 964 964 964 964 964 964 964 964 964 964 964 964 964 964 964 964 964 964 964 964 964 964 964 964 964 964 964 964 964 964 964 964 964 964 964 964 964 964 964 964 964 964 964 964 964 964 964 964 964 964 964 964 964 
964 964 964 964 964 964 964 964 964 964 964 964 964 964 964 964 964 964 964 964 964 964 964 964 964 964 964 964 964 964 964 964 964 964 964 964 964 964 964 964 964 964 964 964 964 964 964 964 964 964 964 964 964 964 964 964 964 964 964 964 964 964 964 964 964 964 964 964 964 964 964 964 964 964 964 964 964 964 964 964 964 964 964 964 964 964 964 964 964 964 964 964 964 964 964 964 964 964 964 964 
964 964 964 964 964 964 964 964 964 964 964 964 964 964 964 964 964 964 964 964 964 964 964 964 964 964 964 964 964 964 964 964 964 964 964 964 964 964 964 964 964 964 964 964 964 964 964 964 964 964 964 964 964 964 964 964 964 964 964 964 964 964 964 964 964 964 964 964 964 964 964 964 964 964 964 964 964 964 964 964 964 964 964 964 964 964 964 964 964 964 964 964 964 964 964 964 964 964 964 964 
964 964 964 964 964 964 964 964 964 964 964 964 964 964 964 964 964 964 964 964 964 964 964 964 964 964 964 964 964 964 964 964 964 964 964 964 964 964 964 964 964 964 964 964 964 964 964 964 964 964 964 964 964 964 964 964 964 964 964 964 964 964 964 964 964 964 964 964 964 964 964 964 964 964 964 964 964 964 964 964 964 964 964 964 964 964 964 964 964 964 964 964 964 964 964 964 964 964 964 964 
964 964 964 964 964 964 964 964 964 964 964 964 964 964 964 964 964 964 964 964 964 964 964 964 964 964 964 964 964 964 964 964 964 964 964 964 964 964 964 964 964 964 964 964 964 964 964 964 964 964 964 964 964 964 964 964 964 964 964 964 964 964 964 964 964 964 964 964 964 964 964 964 964 964 964 964 964 964 964 964 964 964 964 964 964 964 964 964 964 964 964 964 964 964 964 964 964 964 964 964 
964 964 964 964 964 964 964 964 964 964 964 964 964 964 964 964 964 964 964 964 964 964 964 964 964 964 964 964 964 964 964 964 964 964 964 964 964 964 964 964 964 964 964 964 964 964 964 964 964 964 964 964 964 964 964 964 964 964 964 964 964 964 964 964 964 964 964 964 964 964 964 964 964 964 964 964 964 964 964 964 964 964 964 964 964 964 964 964 964 964 964 964 964 964 964 964 964 964 964 964 
964 964 964 964 964 964 964 964 964 964 964 964 964 964 964 964 964 964 964 964 964 964 964 964 964 964 964 964 964 964 964 964 964 964 964 964 964 964 964 964 964 964 964 964 964 964 964 964 964 964 964 964 964 964 964 964 964 964 964 964 964 964 964 964 964 964 964 964 964 964 964 964 964 964 964 964 964 964 964 964 964 964 964 964 964 964 964 964 964 964 964 964 964 964 964 964 964 964 964 964 
964 964 964 964 964 964 964 964 964 964 964 964 964 964 964 964 964 964 964 964 964 964 964 964 964 964 964 964 964 964 964 964 964 964 964 964 964 964 964 964 964 964 964 964 964 964 964 964 964 964 964 964 964 964 964 964 964 964 964 964 964 964 964 964 964 964 964 964 964 964 964 964 964 964 964 964 964 964 964 964 964 964 964 964 964 964 964 964 964 964 964 964 964 964 964 964 964 964 964 964 
964 964 964 964 964 964 964 964 964 964 964 964 964 964 964 964 964 964 964 964 964 964 964 964 964 964 964 964 964 964 964 964 964 964 964 964 964 964 964 964 964 964 964 964 964 964 964 964 964 964 964 964 964 964 964 964 964 964 964 964 964 964 964 964 964 964 964 964 964 964 964 964 964 964 964 964 964 964 964 964 964 964 964 964 964 964 964 964 964 964 964 964 964 964 964 964 964 964 964 964 
964 964 964 964 964 964 964 964 964 964 964 964 964 964 964 964 964 964 964 964 964 964 964 964 964 964 964 964 964 964 964 964 964 964 964 964 964 964 964 964 964 964 964 964 964 964 964 964 964 964 964 964 964 964 964 964 964 964 964 964 964 964 964 964 964 964 964 964 964 964 964 964 964 964 964 964 964 964 964 964 964 964 964 964 964 964 964 964 964 964 964 964 964 964 964 964 964 964 964 964 
964 964 964 964 964 964 964 964 964 964 964 964 964 964 964 964 964 964 964 964 964 964 964 964 964 964 964 964 964 964 964 964 964 964 964 964 964 964 964 964 964 964 964 964 964 964 964 964 964 964 964 964 964 964 964 964 964 964 964 964 964 964 964 964 964 964 964 964 964 964 964 964 964 964 964 964 964 964 964 964 964 964 964 964 964 964 964 964 964 964 964 964 964 964 964 964 964 964 964 964 
964 964 964 964 964 964 964 964 964 964 964 964 964 964 964 964 964 964 964 964 964 964 964 964 964 964 964 964 964 964 964 964 964 964 964 964 964 964 964 964 964 964 964 964 964 964 964 964 964 964 964 964 964 964 964 964 964 964 964 964 964 964 964 964 964 964 964 964 964 964 964 964 964 964 964 964 964 964 964 964 964 964 964 964 964 964 964 964 964 964 964 964 964 964 964 964 964 964 964 964 
964 964 964 964 964 964 964 964 964 964 964 964 964 964 964 964 964 964 964 964 964 964 964 964 964 964 964 964 964 964 964 964 964 964 964 964 964 964 964 964 964 964 964 964 964 964 964 964 964 964 964 964 964 964 964 964 964 964 964 964 964 964 964 964 964 964 964 964 964 964 964 964 964 964 964 964 964 964 964 964 964 964 964 964 964 964 964 964 964 964 964 964 964 964 964 964 964 964 964 964 
964 964 964 964 964 964 964 964 964 964 964 964 964 964 964 964 964 964 964 964 964 964 964 964 964 964 964 964 964 964 964 964 964 964 964 964 964 964 964 964 964 964 964 964 964 964 964 964 964 964 964 964 964 964 964 964 964 964 964 964 964 964 964 964 964 964 964 964 964 964 964 964 964 964 964 964 964 964 964 964 964 964 964 964 964 964 964 964 964 964 964 964 964 964 964 964 964 964 964 964 
964 964 964 964 964 964 964 964 964 964 964 964 964 964 964 964 964 964 964 964 964 964 964 964 964 964 964 964 964 964 964 964 964 964 964 964 964 964 964 964 964 964 964 964 964 964 964 964 964 964 964 964 964 964 964 964 964 964 964 964 964 964 964 964 964 964 964 964 964 964 964 964 964 964 964 964 964 964 964 964 964 964 964 964 964 964 964 964 964 964 964 964 964 964 964 964 964 964 964 964 
964 964 964 964 964 964 964 964 964 964 964 964 964 964 964 964 964 964 964 964 964 964 964 964 964 964 964 964 964 964 964 964 964 964 964 964 964 964 964 964 964 964 964 964 964 964 964 964 964 964 964 964 964 964 964 964 964 964 964 964 964 964 964 964 964 964 964 964 964 964 964 964 964 964 964 964 964 964 964 964 964 964 964 964 964 964 964 964 964 964 964 964 964 964 964 964 964 964 964 964 
964 964 964 964 964 964 964 964 964 964 964 964 964 964 964 964 964 964 964 964 964 964 964 964 964 964 964 964 964 964 964 964 964 964 964 964 964 964 964 964 964 964 964 964 964 964 964 964 964 964 964 964 964 964 964 964 964 964 964 964 964 964 964 964 964 964 964 964 964 964 964 964 964 964 964 964 964 964 964 964 964 964 964 964 964 964 964 964 964 964 964 964 964 964 964 964 964 964 964 964 
964 964 964 964 964 964 964 964 964 964 964 964 964 964 964 964 964 964 964 964 964 964 964 964 964 964 964 964 964 964 964 964 964 964 964 964 964 964 964 964 964 964 964 964 964 964 964 964 964 964 964 964 964 964 964 964 964 964 964 964 964 964 964 964 964 964 964 964 964 964 964 964 964 964 964 964 964 964 964 964 964 964 964 964 964 964 964 964 964 964 964 964 964 964 964 964 964 964 964 964 
964 964 964 964 964 964 964 964 964 964 964 964 964 964 964 964 964 964 964 964 964 964 964 964 964 964 964 964 964 964 964 964 964 964 964 964 964 964 964 964 964 964 964 964 964 964 964 964 964 964 964 964 964 964 964 964 964 964 964 964 964 964 964 964 964 964 964 964 964 964 964 964 964 964 964 964 964 964 964 964 964 964 964 964 964 964 964 964 964 964 964 964 964 964 964 964 964 964 964 964 
964 964 964 964 964 964 964 964 964 964 964 964 964 964 964 964 964 964 964 964 964 964 964 964 964 964 964 964 964 964 964 964 964 964 964 964 964 964 964 964 964 964 964 964 964 964 964 964 964 964 964 964 964 964 964 964 964 964 964 964 964 964 964 964 964 964 964 964 964 964 964 964 964 964 964 964 964 964 964 964 964 964 964 964 964 964 964 964 964 964 964 964 964 964 964 964 964 964 964 964 
964 964 964 964 964 964 964 964 964 964 964 964 964 964 964 964 964 964 964 964 964 964 964 964 964 964 964 964 964 964 964 964 964 964 964 964 964 964 964 964 964 964 964 964 964 964 964 964 964 964 964 964 964 964 964 964 964 964 964 964 964 964 964 964 964 964 964 964 964 964 964 964 964 964 964 964 964 964 964 964 964 964 964 964 964 964 964 964 964 964 964 964 964 964 964 964 964 964 964 964 
964 964 964 964 964 964 964 964 964 964 964 964 964 964 964 964 964 964 964 964 964 964 964 964 964 964 964 964 964 964 964 964 964 964 964 964 964 964 964 964 964 964 964 964 964 964 964 964 964 964 964 964 964 964 964 964 964 964 964 964 964 964 964 964 964 964 964 964 964 964 964 964 964 964 964 964 964 964 964 964 964 964 964 964 964 964 964 964 964 964 964 964 964 964 964 964 964 964 964 964 
964 964 964 964 964 964 964 964 964 964 964 964 964 964 964 964 964 964 964 964 964 964 964 964 964 964 964 964 964 964 964 964 964 964 964 964 964 964 964 964 964 964 964 964 964 964 964 964 964 964 964 964 964 964 964 964 964 964 964 964 964 964 964 964 964 964 964 964 964 964 964 964 964 964 964 964 964 964 964 964 964 964 964 964 964 964 964 964 964 964 964 964 964 964 964 964 964 964 964 964 
964 964 964 964 964 964 964 964 964 964 964 964 964 964 964 964 964 964 964 964 964 964 964 964 964 964 964 964 964 964 964 964 964 964 964 964 964 964 964 964 964 964 964 964 964 964 964 964 964 964 964 964 964 964 964 964 964 964 964 964 964 964 964 964 964 964 964 964 964 964 964 964 964 964 964 964 964 964 964 964 964 964 964 964 964 964 964 964 964 964 964 964 964 964 964 964 964 964 964 964 
964 964 964 964 964 964 964 964 964 964 964 964 964 964 964 964 964 964 964 964 964 964 964 964 964 964 964 964 964 964 964 964 964 964 964 964 964 964 964 964 964 964 964 964 964 964 964 964 964 964 964 964 964 964 964 964 964 964 964 964 964 964 964 964 964 964 964 964 964 964 964 964 964 964 964 964 964 964 964 964 964 964 964 964 964 964 964 964 964 964 964 964 964 964 964 964 964 964 964 964 
964 964 964 964 964 964 964 964 964 964 964 964 964 964 964 964 964 964 964 964 964 964 964 964 964 964 964 964 964 964 964 964 964 964 964 964 964 964 964 964 964 964 964 964 964 964 964 964 964 964 964 964 964 964 964 964 964 964 964 964 964 964 964 964 964 964 964 964 964 964 964 964 964 964 964 964 964 964 964 964 964 964 964 964 964 964 964 964 964 964 964 964 964 964 964 964 964 964 964 964 
964 964 964 964 964 964 964 964 964 964 964 964 964 964 964 964 964 964 964 964 964 964 964 964 964 964 964 964 964 964 964 964 964 964 964 964 964 964 964 964 964 964 964 964 964 964 964 964 964 964 964 964 964 964 964 964 964 964 964 964 964 964 964 964 964 964 964 964 964 964 964 964 964 964 964 964 964 964 964 964 964 964 964 964 964 964 964 964 964 964 964 964 964 964 964 964 964 964 964 964 
964 964 964 964 964 964 964 964 964 964 964 964 964 964 964 964 964 964 964 964 964 964 964 964 964 964 964 964 964 964 964 964 964 964 964 964 964 964 964 964 964 964 964 964 964 964 964 964 964 964 964 964 964 964 964 964 964 964 964 964 964 964 964 964 964 964 964 964 964 964 964 964 964 964 964 964 964 964 964 964 964 964 964 964 964 964 964 964 964 964 964 964 964 964 964 964 964 964 964 964 
964 964 964 964 964 964 964 964 964 964 964 964 964 964 964 964 964 964 964 964 964 964 964 964 964 964 964 964 964 964 964 964 964 964 964 964 964 964 964 964 964 964 964 964 964 964 964 964 964 964 964 964 964 964 964 964 964 964 964 964 964 964 964 964 964 964 964 964 964 964 964 964 964 964 964 964 964 964 964 964 964 964 964 964 964 964 964 964 964 964 964 964 964 964 964 964 964 964 964 964 
964 964 964 964 964 964 964 964 964 964 964 964 964 964 964 964 964 964 964 964 964 964 964 964 964 964 964 964 964 964 964 964 964 964 964 964 964 964 964 964 964 964 964 964 964 964 964 964 964 964 964 964 964 964 964 964 964 964 964 964 964 964 964 964 964 964 964 964 964 964 964 964 964 964 964 964 964 964 964 964 964 964 964 964 964 964 964 964 964 964 964 964 964 964 964 964 964 964 964 964 
964 964 964 964 964 964 964 964 964 964 964 964 964 964 964 964 964 964 964 964 964 964 964 964 964 964 964 964 964 964 964 964 964 964 964 964 964 964 964 964 964 964 964 964 964 964 964 964 964 964 964 964 964 964 964 964 964 964 964 964 964 964 964 964 964 964 964 964 964 964 964 964 964 964 964 964 964 964 964 964 964 964 964 964 964 964 964 964 964 964 964 964 964 964 964 964 964 964 964 964 
964 964 964 964 964 964 964 964 964 964 964 964 964 964 964 964 964 964 964 964 964 964 964 964 964 964 964 964 964 964 964 964 964 964 964 964 964 964 964 964 964 964 964 964 964 964 964 964 964 964 964 964 964 964 964 964 964 964 964 964 964 964 964 964 964 964 964 964 964 964 964 964 964 964 964 964 964 964 964 964 964 964 964 964 964 964 964 964 964 964 964 964 964 964 964 964 964 964 964 964 
964 964 964 964 964 964 964 964 964 964 964 964 964 964 964 964 964 964 964 964 964 964 964 964 964 964 964 964 964 964 964 964 964 964 964 964 964 964 964 964 964 964 964 964 964 964 964 964 964 964 964 964 964 964 964 964 964 964 964 964 964 964 964 964 964 964 964 964 964 964 964 964 964 964 964 964 964 964 964 964 964 964 964 964 964 964 964 964 964 964 964 964 964 964 964 964 964 964 964 964 
964 964 964 964 964 964 964 964 964 964 964 964 964 964 964 964 964 964 964 964 964 964 964 964 964 964 964 964 964 964 964 964 964 964 964 964 964 964 964 964 964 964 964 964 964 964 964 964 964 964 964 964 964 964 964 964 964 964 964 964 964 964 964 964 964 964 964 964 964 964 964 964 964 964 964 964 964 964 964 964 964 964 964 964 964 964 964 964 964 964 964 964 964 964 964 964 964 964 964 964 
964 964 964 964 964 964 964 964 964 964 964 964 964 964 964 964 964 964 964 964 964 964 964 964 964 964 964 964 964 964 964 964 964 964 964 964 964 964 964 964 964 964 964 964 964 964 964 964 964 964 964 964 964 964 964 964 964 964 964 964 964 964 964 964 964 964 964 964 964 964 964 964 964 964 964 964 964 964 964 964 964 964 964 964 964 964 964 964 964 964 964 964 964 964 964 964 964 964 964 964 
964 964 964 964 964 964 964 964 964 964 964 964 964 964 964 964 964 964 964 964 964 964 964 964 964 964 964 964 964 964 964 964 964 964 964 964 964 964 964 964 964 964 964 964 964 964 964 964 964 964 964 964 964 964 964 964 964 964 964 964 964 964 964 964 964 964 964 964 964 964 964 964 964 964 964 964 964 964 964 964 964 964 964 964 964 964 964 964 964 964 964 964 964 964 964 964 964 964 964 964 
964 964 964 964 964 964 964 964 964 964 964 964 964 964 964 964 964 964 964 964 964 964 964 964 964 964 964 964 964 964 964 964 964 964 964 964 964 964 964 964 964 964 964 964 964 964 964 964 964 964 964 964 964 964 964 964 964 964 964 964 964 964 964 964 964 964 964 964 964 964 964 964 964 964 964 964 964 964 964 964 964 964 964 964 964 964 964 964 964 964 964 964 964 964 964 964 964 964 964 964 
964 964 964 964 964 964 964 964 964 964 964 964 964 964 964 964 964 964 964 964 964 964 964 964 964 964 964 964 964 964 964 964 964 964 964 964 964 964 964 964 964 964 964 964 964 964 964 964 964 964 964 964 964 964 964 964 964 964 964 964 964 964 964 964 964 964 964 964 964 964 964 964 964 964 964 964 964 964 964 964 964 964 964 964 964 964 964 964 964 964 964 964 964 964 964 964 964 964 964 964 
964 964 964 964 964 964 964 964 964 964 964 964 964 964 964 964 964 964 964 964 964 964 964 964 964 964 964 964 964 964 964 964 964 964 964 964 964 964 964 964 964 964 964 964 964 964 964 964 964 964 964 964 964 964 964 964 964 964 964 964 964 964 964 964 964 964 964 964 964 964 964 964 964 964 964 964 964 964 964 964 964 964 964 964 964 964 964 964 964 964 964 964 964 964 964 964 964 964 964 964 
964 964 964 964 964 964 964 964 964 964 964 964 964 964 964 964 964 964 964 964 964 964 964 964 964 964 964 964 964 964 964 964 964 964 964 964 964 964 964 964 964 964 964 964 964 964 964 964 964 964 964 964 964 964 964 964 964 964 964 964 964 964 964 964 964 964 964 964 964 964 964 964 964 964 964 964 964 964 964 964 964 964 964 964 964 964 964 964 964 964 964 964 964 964 964 964 964 964 964 964 
964 964 964 964 964 964 964 964 964 964 964 964 964 964 964 964 964 964 964 964 964 964 964 964 964 964 964 964 964 964 964 964 964 964 964 964 964 964 964 964 964 964 964 964 964 964 964 964 964 964 964 964 964 964 964 964 964 964 964 964 964 964 964 964 964 964 964 964 964 964 964 964 964 964 964 964 964 964 964 964 964 964 964 964 964 964 964 964 964 964 964 964 964 964 964 964 964 964 964 964 
964 964 964 964 964 964 964 964 964 964 964 964 964 964 964 964 964 964 964 964 964 964 964 964 964 964 964 964 964 964 964 964 964 964 964 964 964 964 964 964 964 964 964 964 964 964 964 964 964 964 964 964 964 964 964 964 964 964 964 964 964 964 964 964 964 964 964 964 964 964 964 964 964 964 964 964 964 964 964 964 964 964 964 964 964 964 964 964 964 964 964 964 964 964 964 964 964 964 964 964 
964 964 964 964 964 964 964 964 964 964 964 964 964 964 964 964 964 964 964 964 964 964 964 964 964 964 964 964 964 964 964 964 964 964 964 964 964 964 964 964 964 964 964 964 964 964 964 964 964 964 964 964 964 964 964 964 964 964 964 964 964 964 964 964 964 964 964 964 964 964 964 964 964 964 964 964 964 964 964 964 964 964 964 964 964 964 964 964 964 964 964 964 964 964 964 964 964 964 964 964 
964 964 964 964 964 964 964 964 964 964 964 964 964 964 964 964 964 964 964 964 964 964 964 964 964 964 964 964 964 964 964 964 964 964 964 964 964 964 964 964 964 964 964 964 964 964 964 964 964 964 964 964 964 964 964 964 964 964 964 964 964 964 964 964 964 964 964 964 964 964 964 964 964 964 964 964 964 964 964 964 964 964 964 964 964 964 964 964 964 964 964 964 964 964 964 964 964 964 964 964 
964 964 964 964 964 964 964 964 964 964 964 964 964 964 964 964 964 964 964 964 964 964 964 964 964 964 964 964 964 964 964 964 964 964 964 964 964 964 964 964 964 964 964 964 964 964 964 964 964 964 964 964 964 964 964 964 964 964 964 964 964 964 964 964 964 964 964 964 964 964 964 964 964 964 964 964 964 964 964 964 964 964 964 964 964 964 964 964 964 964 964 964 964 964 964 964 964 964 964 964 
964 964 964 964 964 964 964 964 964 964 964 964 964 964 964 964 964 964 964 964 964 964 964 964 964 964 964 964 964 964 964 964 964 964 964 964 964 964 964 964 964 964 964 964 964 964 964 964 964 964 964 964 964 964 964 964 964 964 964 964 964 964 964 964 964 964 964 964 964 964 964 964 964 964 964 964 964 964 964 964 964 964 964 964 964 964 964 964 964 964 964 964 964 964 964 964 964 964 964 964 
964 964 964 964 964 964 964 964 964 964 964 964 964 964 964 964 964 964 964 964 964 964 964 964 964 964 964 964 964 964 964 964 964 964 964 964 964 964 964 964 964 964 964 964 964 964 964 964 964 964 964 964 964 964 964 964 964 964 964 964 964 964 964 964 964 964 964 964 964 964 964 964 964 964 964 964 964 964 964 964 964 964 964 964 964 964 964 964 964 964 964 964 964 964 964 964 964 964 964 964 
964 964 964 964 964 964 964 964 964 964 964 964 964 964 964 964 964 964 964 964 964 964 964 964 964 964 964 964 964 964 964 964 964 964 964 964 964 964 964 964 964 964 964 964 964 964 964 964 964 964 964 964 964 964 964 964 964 964 964 964 964 964 964 964 964 964 964 964 964 964 964 964 964 964 964 964 964 964 964 964 964 964 964 964 964 964 964 964 964 964 964 964 964 964 964 964 964 964 964 964 
964 964 964 964 964 964 964 964 964 964 964 964 964 964 964 964 964 964 964 964 964 964 964 964 964 964 964 964 964 964 964 964 964 964 964 964 964 964 964 964 964 964 964 964 964 964 964 964 964 964 964 964 964 964 964 964 964 964 964 964 964 964 964 964 964 964 964 964 964 964 964 964 964 964 964 964 964 964 964 964 964 964 964 964 964 964 964 964 964 964 964 964 964 964 964 964 964 964 964 964 
964 964 964 964 964 964 964 964 964 964 964 964 964 964 964 964 964 964 964 964 964 964 964 964 964 964 964 964 964 964 964 964 964 964 964 964 964 964 964 964 964 964 964 964 964 964 964 964 964 964 964 964 964 964 964 964 964 964 964 964 964 964 964 964 964 964 964 964 964 964 964 964 964 964 964 964 964 964 964 964 964 964 964 964 964 964 964 964 964 964 964 964 964 964 964 964 964 964 964 964 
964 964 964 964 964 964 964 964 964 964 964 964 964 964 964 964 964 964 964 964 964 964 964 964 964 964 964 964 964 964 964 964 964 964 964 964 964 964 964 964 964 964 964 964 964 964 964 964 964 964 964 964 964 964 964 964 964 964 964 964 964 964 964 964 964 964 964 964 964 964 964 964 964 964 964 964 964 964 964 964 964 964 964 964 964 964 964 964 964 964 964 964 964 964 964 964 964 964 964 964 
964 964 964 964 964 964 964 964 964 964 964 964 964 964 964 964 964 964 964 964 964 964 964 964 964 964 964 964 964 964 964 964 964 964 964 964 964 964 964 964 964 964 964 964 964 964 964 964 964 964 964 964 964 964 964 964 964 964 964 964 964 964 964 964 964 964 964 964 964 964 964 964 964 964 964 964 964 964 964 964 964 964 964 964 964 964 964 964 964 964 964 964 964 964 964 964 964 964 964 964 
964 964 964 964 964 964 964 964 964 964 964 964 964 964 964 964 964 964 964 964 964 964 964 964 964 964 964 964 964 964 964 964 964 964 964 964 964 964 964 964 964 964 964 964 964 964 964 964 964 964 964 964 964 964 964 964 964 964 964 964 964 964 964 964 964 964 964 964 964 964 964 964 964 964 964 964 964 964 964 964 964 964 964 964 964 964 964 964 964 964 964 964 964 964 964 964 964 964 964 964 
964 964 964 964 964 964 964 964 964 964 964 964 964 964 964 964 964 964 964 964 964 964 964 964 964 964 964 964 964 964 964 964 964 964 964 964 964 964 964 964 964 964 964 964 964 964 964 964 964 964 964 964 964 964 964 964 964 964 964 964 964 964 964 964 964 964 964 964 964 964 964 964 964 964 964 964 964 964 964 964 964 964 964 964 964 964 964 964 964 964 964 964 964 964 964 964 964 964 964 964 
964 964 964 964 964 964 964 964 964 964 964 964 964 964 964 964 964 964 964 964 964 964 964 964 964 964 964 964 964 964 964 964 964 964 964 964 964 964 964 964 964 964 964 964 964 964 964 964 964 964 964 964 964 964 964 964 964 964 964 964 964 964 964 964 964 964 964 964 964 964 964 964 964 964 964 964 964 964 964 964 964 964 964 964 964 964 964 964 964 964 964 964 964 964 964 964 964 964 964 964 
964 964 964 964 964 964 964 964 964 964 964 964 964 964 964 964 964 964 964 964 964 964 964 964 964 964 964 964 964 964 964 964 964 964 964 964 964 964 964 964 964 964 964 964 964 964 964 964 964 964 964 964 964 964 964 964 964 964 964 964 964 964 964 964 964 964 964 964 964 964 964 964 964 964 964 964 964 964 964 964 964 964 964 964 964 964 964 964 964 964 964 964 964 964 964 964 964 964 964 964 
964 964 964 964 964 964 964 964 964 964 964 964 964 964 964 964 964 964 964 964 964 964 964 964 964 964 964 964 964 964 964 964 964 964 964 964 964 964 964 964 964 964 964 964 964 964 964 964 964 964 964 964 964 964 964 964 964 964 964 964 964 964 964 964 964 964 964 964 964 964 964 964 964 964 964 964 964 964 964 964 964 964 964 964 964 964 964 964 964 964 964 964 964 964 964 964 964 964 964 964 
964 964 964 964 964 964 964 964 964 964 964 964 964 964 964 964 964 964 964 964 964 964 964 964 964 964 964 964 964 964 964 964 964 964 964 964 964 964 964 964 964 964 964 964 964 964 964 964 964 964 964 964 964 964 964 964 964 964 964 964 964 964 964 964 964 964 964 964 964 964 964 964 964 964 964 964 964 964 964 964 964 964 964 964 964 964 964 964 964 964 964 964 964 964 964 964 964 964 964 964 
