964 964 964 964 964 964 964 964 964 964 964 964 964 964 964 964 964 964 964 964 964 964 964 964 964 964 964 964 964 964 964 964 964 964 964 964 964 964 964 964 964 964 964 964 964 964 964 964 964 964 964 964 964 964 964 964 964 964 964 964 964 964 964 964 964 964 964 964 964 964 964 964 964 964 964 964 964 964 964 964 964 964 964 964 964 964 964 964 964 964 964 964 964 964 964 964 964 964 964 964 
964 964 964 964 964 964 964 964 964 964 964 964 964 964 964 964 964 964 964 964 964 964 964 964 964 964 964 964 964 964 964 964 964 964 964 964 964 964 964 964 964 964 964 964 964 964 964 964 964 964 964 964 964 964 964 964 964 964 964 964 964 964 964 964 964 964 964 964 964 964 964 964 964 964 964 964 964 964 964 964 964 964 964 964 964 964 964 964 964 964 964 964 964 964 964 964 964 964 964 964 
964 964 964 964 964 964 964 964 964 964 964 964 964 964 964 964 964 964 964 964 964 964 964 964 964 964 964 964 964 964 964 964 964 964 964 964 964 964 964 964 964 964 964 964 964 964 964 964 964 964 964 964 964 964 964 964 964 964 964 964 964 964 964 964 964 964 964 964 964 964 964 964 964 964 964 964 964 964 964 964 964 964 964 964 964 964 964 964 964 964 964 964 964 964 964 964 964 964 964 964 
964 964 964 964 964 964 964 964 964 964 964 964 964 964 964 964 964 964 964 964 964 964 964 964 964 964 964 964 964 964 964 964 964 964 964 964 964 964 964 964 964 964 964 964 964 964 964 964 964 964 964 964 964 964 964 964 964 964 964 964 964 964 964 964 964 964 964 964 964 964 964 964 964 964 964 964 964 964 964 964 964 964 964 964 964 964 964 964 964 964 964 964 964 964 964 964 964 964 964 964 
964 964 964 964 964 964 964 964 964 964 964 964 964 964 964 964 964 964 964 964 964 964 964 964 964 964 964 964 964 964 964 964 964 964 964 964 964 964 964 964 964 964 964 964 964 964 964 964 964 964 964 964 964 964 964 964 964 964 964 964 964 964 964 964 964 964 964 964 964 964 964 964 964 964 964 964 964 964 964 964 964 964 964 964 964 964 964 964 964 964 964 964 964 964 964 964 964 964 964 964 
964 964 964 964 964 964 964 964 964 964 964 964 964 964 964 964 964 964 964 964 964 964 964 964 964 964 964 964 964 964 964 964 964 964 964 964 964 964 964 964 964 964 964 964 964 964 964 964 964 964 964 964 964 964 964 964 964 964 964 964 964 964 964 964 964 964 964 964 964 964 964 964 964 964 964 964 964 964 964 964 964 964 964 964 964 964 964 964 964 964 964 964 964 964 964 964 964 964 964 964 
964 964 964 964 964 964 964 964 964 964 964 964 964 964 964 964 964 964 964 964 964 964 964 964 964 964 964 964 964 964 964 964 964 964 964 964 964 964 964 964 964 964 964 964 964 964 964 964 964 964 964 964 964 964 964 964 964 964 964 964 964 964 964 964 964 964 964 964 964 964 964 964 964 964 964 964 964 964 964 964 964 964 964 964 964 964 964 964 964 964 964 964 964 964 964 964 964 964 964 964 
964 964 964 964 964 964 964 964 964 964 964 964 964 964 964 964 964 964 964 964 964 964 964 964 964 964 964 964 964 964 964 964 964 964 964 964 964 964 964 964 964 964 964 964 964 964 964 964 964 964 964 964 964 964 964 964 964 964 964 964 964 964 964 964 964 964 964 964 964 964 964 964 964 964 964 964 964 964 964 964 964 964 964 964 964 964 964 964 964 964 964 964 964 964 964 964 964 964 964 964 
964 964 964 964 964 964 964 964 964 964 964 964 964 964 964 964 964 964 964 964 964 964 964 964 964 964 964 964 964 964 964 964 964 964 964 964 964 964 964 964 964 964 964 964 964 964 964 964 964 964 964 964 964 964 964 964 964 964 964 964 964 964 964 964 964 964 964 964 964 964 964 964 964 964 964 964 964 964 964 964 964 964 964 964 964 964 964 964 964 964 964 964 964 964 964 964 964 964 964 964 
964 964 964 964 964 964 964 964 964 964 964 964 964 964 964 964 964 964 964 964 964 964 964 964 964 964 964 964 964 964 964 964 964 964 964 964 964 964 964 964 964 964 964 964 964 964 964 964 964 964 964 964 964 964 964 964 964 964 964 964 964 964 964 964 964 964 964 964 964 964 964 964 964 964 964 964 964 964 964 964 964 964 964 964 964 964 964 964 964 964 964 964 964 964 964 964 964 964 964 964 
964 964 964 964 964 964 964 964 964 964 964 964 964 964 964 964 964 964 964 964 964 964 964 964 964 964 964 964 964 964 964 964 964 964 964 964 964 964 964 964 964 964 964 964 964 964 964 964 964 964 964 964 964 964 964 964 964 964 964 964 964 964 964 964 964 964 964 964 964 964 964 964 964 964 964 964 964 964 964 964 964 964 964 964 964 964 964 964 964 964 964 964 964 964 964 964 964 964 964 964 
964 964 964 964 964 964 964 964 964 964 964 964 964 964 964 964 964 964 964 964 964 964 964 964 964 964 964 964 964 964 964 964 964 964 964 964 964 964 964 964 964 964 964 964 964 964 964 964 964 964 964 964 964 964 964 964 964 964 964 964 964 964 964 964 964 964 964 964 964 964 964 964 964 964 964 964 964 964 964 964 964 964 964 964 964 964 964 964 964 964 964 964 964 964 964 964 964 964 964 964 
964 964 964 964 964 964 964 964 964 964 964 964 964 964 964 964 964 964 964 964 964 964 964 964 964 964 964 964 964 964 964 964 964 964 964 964 964 964 964 964 964 964 964 964 964 964 964 964 964 964 964 964 964 964 964 964 964 964 964 964 964 964 964 964 964 964 964 964 964 964 964 964 964 964 964 964 964 964 964 964 964 964 964 964 964 964 964 964 964 964 964 964 964 964 964 964 964 964 964 964 
964 964 964 964 964 964 964 964 964 964 964 964 964 964 964 964 964 964 964 964 964 964 964 964 964 964 964 964 964 964 964 964 964 964 964 964 964 964 964 964 964 964 964 964 964 964 964 964 964 964 964 964 964 964 964 964 964 964 964 964 964 964 964 964 964 964 964 964 964 964 964 964 964 964 964 964 964 964 964 964 964 964 964 964 964 964 964 964 964 964 964 964 964 964 964 964 964 964 964 964 
964 964 964 964 964 964 964 964 964 964 964 964 964 964 964 964 964 964 964 964 964 964 964 964 964 964 964 964 964 964 964 964 964 964 964 964 964 964 964 964 964 964 964 964 964 964 964 964 964 964 964 964 964 964 964 964 964 964 964 964 964 964 964 964 964 964 964 964 964 964 964 964 964 964 964 964 964 964 964 964 964 964 964 964 964 964 964 964 964 964 964 964 964 964 964 964 964 964 964 964 
964 964 964 964 964 964 964 964 964 964 964 964 964 964 964 964 964 964 964 964 964 964 964 964 964 964 964 964 964 964 964 964 964 964 964 964 964 964 964 964 964 964 964 964 964 964 964 964 964 964 964 964 964 964 964 964 964 964 964 964 964 964 964 964 964 964 964 964 964 964 964 964 964 964 964 964 964 964 964 964 964 964 964 964 964 964 964 964 964 964 964 964 964 964 964 964 964 964 964 964 
964 964 964 964 964 964 964 964 964 964 964 964 964 964 964 964 964 964 964 964 964 964 964 964 964 964 964 964 964 964 964 964 964 964 964 964 964 964 964 964 964 964 964 964 964 964 964 964 964 964 964 964 964 964 964 964 964 964 964 964 964 964 964 964 964 964 964 964 964 964 964 964 964 964 964 964 964 964 964 964 964 964 964 964 964 964 964 964 964 964 964 964 964 964 964 964 964 964 964 964 
964 964 964 964 964 964 964 964 964 964 964 964 964 964 964 964 964 964 964 964 964 964 964 964 964 964 964 964 964 964 964 964 964 964 964 964 964 964 964 964 964 964 964 964 964 964 964 964 964 964 964 964 964 964 964 964 964 964 964 964 964 964 964 964 964 964 964 964 964 964 964 964 964 964 964 964 964 964 964 964 964 964 964 964 964 964 964 964 964 964 964 964 964 964 964 964 964 964 964 964 
964 964 964 964 964 964 964 964 964 964 964 964 964 964 964 964 964 964 964 964 964 964 964 964 964 964 964 964 964 964 964 964 964 964 964 964 964 964 964 964 964 964 964 964 964 964 964 964 964 964 964 964 964 964 964 964 964 964 964 964 964 964 964 964 964 964 964 964 964 964 964 964 964 964 964 964 964 964 964 964 964 964 964 964 964 964 964 964 964 964 964 964 964 964 964 964 964 964 964 964 
964 964 964 964 964 964 964 964 964 964 964 964 964 964 964 964 964 964 964 964 964 964 964 964 964 964 964 964 964 964 964 964 964 964 964 964 964 964 964 964 964 964 964 964 964 964 964 964 964 964 964 964 964 964 964 964 964 964 964 964 964 964 964 964 964 964 964 964 964 964 964 964 964 964 964 964 964 964 964 964 964 964 964 964 964 964 964 964 964 964 964 964 964 964 964 964 964 964 964 964 
964 964 964 964 964 964 964 964 964 964 964 964 964 964 964 964 964 964 964 964 964 964 964 964 964 964 964 964 964 964 964 964 964 964 964 964 964 964 964 964 964 964 964 964 964 964 964 964 964 964 964 964 964 964 964 964 964 964 964 964 964 964 964 964 964 964 964 964 964 964 964 964 964 964 964 964 964 964 964 964 964 964 964 964 964 964 964 964 964 964 964 964 964 964 964 964 964 964 964 964 
964 964 964 964 964 964 964 964 964 964 964 964 964 964 964 964 964 964 964 964 964 964 964 964 964 964 964 964 964 964 964 964 964 964 964 964 964 964 964 964 964 964 964 964 964 964 964 964 964 964 964 964 964 964 964 964 964 964 964 964 964 964 964 964 964 964 964 964 964 964 964 964 964 964 964 964 964 964 964 964 964 964 964 964 964 964 964 964 964 964 964 964 964 964 964 964 964 964 964 964 
964 964 964 964 964 964 964 964 964 964 964 964 964 964 964 964 964 964 964 964 964 964 964 964 964 964 964 964 964 964 964 964 964 964 964 964 964 964 964 964 964 964 964 964 964 964 964 964 964 964 964 964 964 964 964 964 964 964 964 964 964 964 964 964 964 964 964 964 964 964 964 964 964 964 964 964 964 964 964 964 964 964 964 964 964 964 964 964 964 964 964 964 964 964 964 964 964 964 964 964 
964 964 964 964 964 964 964 964 964 964 964 964 964 964 964 964 964 964 964 964 964 964 964 964 964 964 964 964 964 964 964 964 964 964 964 964 964 964 964 964 964 964 964 964 964 964 964 964 964 964 964 964 964 964 964 964 964 964 964 964 964 964 964 964 964 964 964 964 964 964 964 964 964 964 964 964 964 964 964 964 964 964 964 964 964 964 964 964 964 964 964 964 964 964 964 964 964 964 964 964 
964 964 964 964 964 964 964 964 964 964 964 964 964 964 964 964 964 964 964 964 964 964 964 964 964 964 964 964 964 964 964 964 964 964 964 964 964 964 964 964 964 964 964 964 964 964 964 964 964 964 964 964 964 964 964 964 964 964 964 964 964 964 964 964 964 964 964 964 964 964 964 964 964 964 964 964 964 964 964 964 964 964 964 964 964 964 964 964 964 964 964 964 964 964 964 964 964 964 964 964 
964 964 964 964 964 964 964 964 964 964 964 964 964 964 964 964 964 964 964 964 964 964 964 964 964 964 964 964 964 964 964 964 964 964 964 964 964 964 964 964 964 964 964 964 964 964 964 964 964 964 964 964 964 964 964 964 964 964 964 964 964 964 964 964 964 964 964 964 964 964 964 964 964 964 964 964 964 964 964 964 964 964 964 964 964 964 964 964 964 964 964 964 964 964 964 964 964 964 964 964 
964 964 964 964 964 964 964 964 964 964 964 964 964 964 964 964 964 964 964 964 964 964 964 964 964 964 964 964 964 964 964 964 964 964 964 964 964 964 964 964 964 964 964 964 964 964 964 964 964 964 964 964 964 964 964 964 964 964 964 964 964 964 964 964 964 964 964 964 964 964 964 964 964 964 964 964 964 964 964 964 964 964 964 964 964 964 964 964 964 964 964 964 964 964 964 964 964 964 964 964 
964 964 964 964 964 964 964 964 964 964 964 964 964 964 964 964 964 964 964 964 964 964 964 964 964 964 964 964 964 964 964 964 964 964 964 964 964 964 964 964 964 964 964 964 964 964 964 964 964 964 964 964 964 964 964 964 964 964 964 964 964 964 964 964 964 964 964 964 964 964 964 964 964 964 964 964 964 964 964 964 964 964 964 964 964 964 964 964 964 964 964 964 964 964 964 964 964 964 964 964 
964 964 964 964 964 964 964 964 964 964 964 964 964 964 964 964 964 964 964 964 964 964 964 964 964 964 964 964 964 964 964 964 964 964 964 964 964 964 964 964 964 964 964 964 964 964 964 964 964 964 964 964 964 964 964 964 964 964 964 964 964 964 964 964 964 964 964 964 964 964 964 964 964 964 964 964 964 964 964 964 964 964 964 964 964 964 964 964 964 964 964 964 964 964 964 964 964 964 964 964 
964 964 964 964 964 964 964 964 964 964 964 964 964 964 964 964 964 964 964 964 964 964 964 964 964 964 964 964 964 964 964 964 964 964 970 967 967 967 967 967 967 967 967 967 967 967 967 967 967 967 967 967 967 967 967 967 967 967 967 967 967 967 967 967 971 964 964 964 964 964 964 964 964 964 964 964 964 964 964 964 964 964 964 964 964 964 964 964 964 964 964 964 964 964 964 964 964 964 964 964 
964 964 964 964 964 964 964 964 964 964 964 964 964 964 964 964 964 964 964 964 964 964 964 964 964 964 964 964 964 964 964 964 964 964 965 970 967 967 967 967 967 967 967 967 967 967 967 967 967 967 967 967 967 967 967 967 967 967 967 967 967 967 967 971 963 964 964 964 964 964 964 964 964 964 964 964 964 964 964 964 964 964 964 964 964 964 964 964 964 964 964 964 964 964 964 964 964 964 964 964 
964 964 964 964 964 964 964 964 964 964 964 964 964 964 964 964 964 964 964 964 964 964 964 964 964 964 964 964 964 964 964 964 964 964 965 965 970 967 967 967 967 967 967 967 967 967 967 967 967 967 967 967 967 967 967 967 967 967 967 967 967 967 971 963 963 964 964 964 964 964 964 964 964 964 964 964 964 964 964 964 964 964 964 964 964 964 964 964 964 964 964 964 964 964 964 964 964 964 964 964 
964 964 964 964 964 964 964 964 964 964 964 964 964 964 964 964 964 964 964 964 964 964 964 964 964 964 964 964 964 964 964 964 964 964 965 965 965 958 959 956 956 958 958 959 959 959 958 958 958 956 956 957 957 956 958 958 958 958 958 958 958 958 963 963 963 964 964 964 964 964 964 964 964 964 964 964 964 964 964 964 964 964 964 964 964 964 964 964 964 964 964 964 964 964 964 964 964 964 964 964 
964 964 964 964 964 964 964 964 964 964 964 964 964 964 964 964 964 964 964 964 964 964 964 964 964 964 964 964 964 964 964 964 964 964 965 965 965 958 956 956 956 956 956 956 956 984 956 956 956 956 956 956 956 956 956 958 958 958 936 958 958 958 963 963 963 964 964 964 964 964 964 964 964 964 964 964 964 964 964 964 964 964 964 964 964 964 964 964 964 964 964 964 964 964 964 964 964 964 964 964 
964 964 964 964 964 964 964 964 964 964 964 964 964 964 964 964 964 964 964 964 964 964 964 964 964 964 964 964 964 964 964 964 964 964 965 965 965 958 956 956 956 956 956 956 956 985 956 956 956 956 957 956 956 956 956 958 958 936 936 936 958 958 963 963 963 964 964 964 964 964 964 964 964 964 964 964 964 964 964 964 964 964 964 964 964 964 964 964 964 964 964 964 964 964 964 964 964 964 964 964 
964 964 964 964 964 964 964 964 964 964 964 964 964 964 964 964 964 964 964 964 964 964 964 964 964 964 964 964 964 964 964 964 964 964 965 965 965 958 956 956 956 956 956 958 960 961 961 961 961 962 956 956 956 957 958 958 958 958 936 958 958 958 963 963 963 964 964 964 964 964 964 964 964 964 964 964 964 964 964 964 964 964 964 964 964 964 964 964 964 964 964 964 964 964 964 964 964 964 964 964 
964 964 964 964 964 964 964 964 964 964 964 964 964 964 964 964 964 961 961 961 961 961 961 961 961 961 961 961 961 961 961 961 961 961 965 965 961 961 961 962 956 960 961 961 961 961 961 961 961 961 961 961 961 961 961 961 961 961 961 961 961 961 961 963 963 964 964 964 964 964 964 964 964 964 964 964 964 964 964 964 964 964 964 964 964 964 964 964 964 964 964 964 964 964 964 964 964 964 964 964 
964 964 964 964 964 964 964 964 964 964 964 964 964 964 964 964 964 961 961 961 961 961 961 961 961 961 961 961 961 961 961 961 961 961 965 961 961 961 962 965 956 963 960 961 961 961 961 961 961 961 961 961 961 961 961 961 961 961 961 961 961 961 961 961 963 964 964 964 964 964 964 964 964 964 964 964 964 964 964 964 964 964 964 964 964 964 964 964 964 964 964 964 964 964 964 964 964 964 964 964 
964 964 964 964 964 964 964 964 964 964 964 964 964 964 964 964 964 961 961 961 961 961 961 961 961 961 961 961 961 961 961 961 961 961 961 961 961 962 965 965 956 963 963 960 961 961 961 961 961 961 961 961 961 961 961 961 961 961 961 961 961 961 961 961 961 961 961 961 961 961 961 961 961 961 961 961 961 961 961 961 961 961 961 961 961 961 964 964 964 964 964 964 964 964 964 964 964 964 964 964 
964 964 964 964 964 964 964 964 964 964 964 964 964 964 964 964 964 964 964 964 964 964 964 964 964 964 964 964 964 964 964 964 964 964 958 958 958 965 965 965 956 963 963 963 964 964 964 964 964 964 964 964 964 964 964 964 964 964 964 964 964 964 964 964 964 964 964 964 964 964 964 964 964 964 964 964 964 964 964 964 964 964 964 964 964 964 964 964 964 964 964 964 964 964 964 964 964 964 964 964 
964 964 964 964 964 964 964 964 964 964 964 964 964 964 964 964 964 964 964 964 964 964 964 964 964 964 964 964 964 964 964 964 964 964 958 958 958 965 965 965 956 963 963 963 964 964 964 964 964 964 964 964 964 964 964 964 964 964 964 964 964 964 964 964 964 964 964 964 964 964 964 964 964 964 964 964 964 964 964 964 964 964 964 964 964 964 964 964 964 964 964 964 964 964 964 964 964 964 964 964 
964 964 964 964 964 964 964 964 964 964 964 964 964 964 964 964 964 964 964 964 964 964 964 964 964 964 964 964 964 964 964 964 964 964 964 964 964 965 965 965 956 963 963 963 964 964 964 964 964 964 964 964 964 964 964 964 964 964 964 964 964 964 964 964 964 964 964 964 964 964 964 964 964 964 964 964 964 964 964 964 964 964 964 964 964 964 964 964 964 964 964 964 964 964 964 964 964 964 964 964 
964 964 964 964 964 964 964 964 964 964 964 964 964 964 964 964 964 964 964 964 964 964 964 964 964 964 964 964 964 964 964 964 964 964 964 964 964 965 965 965 956 963 963 963 964 964 964 964 964 964 964 964 964 964 964 964 964 964 964 964 964 964 964 964 964 964 964 964 964 964 964 964 964 964 964 964 964 964 964 964 964 964 964 964 964 964 964 964 964 964 964 964 964 964 964 964 964 964 964 964 
964 964 964 964 964 964 964 964 964 964 964 964 964 964 964 964 964 964 964 964 964 964 964 964 964 964 964 964 964 964 964 964 964 964 964 964 964 965 965 965 956 963 963 963 964 964 964 964 964 964 964 964 964 964 964 964 964 964 964 964 964 964 964 964 964 964 964 964 964 964 964 964 964 964 964 964 964 964 964 964 964 964 964 964 964 964 964 964 964 964 964 964 964 964 964 964 964 964 964 964 
964 964 964 964 964 964 964 964 964 964 964 964 964 964 964 964 964 964 964 964 964 964 964 964 964 964 964 964 964 964 964 964 964 964 964 964 964 965 965 965 956 963 963 963 964 964 964 964 964 964 964 964 964 964 964 964 964 964 964 964 964 964 964 964 964 964 964 964 964 964 964 964 964 964 964 964 964 964 964 964 964 964 964 964 964 964 964 964 964 964 964 964 964 964 964 964 964 964 964 964 
964 964 964 964 964 964 964 964 964 964 964 964 964 964 964 964 964 964 964 964 964 964 964 964 964 964 964 964 964 964 964 964 964 964 964 964 964 965 965 965 956 963 963 963 964 964 964 964 964 964 964 964 964 964 964 964 964 964 964 964 964 964 964 964 964 964 964 964 964 964 964 964 964 964 964 964 964 964 964 964 964 964 964 964 964 964 964 964 964 964 964 964 964 964 964 964 964 964 964 964 
964 964 964 964 964 964 964 964 964 964 964 964 964 964 964 964 964 964 964 964 964 964 964 964 964 964 964 964 964 964 964 964 964 964 964 964 964 965 965 965 956 963 963 963 964 964 964 964 964 964 964 964 964 964 964 964 964 964 964 964 964 964 964 964 964 964 964 964 964 964 964 964 964 964 964 964 964 964 964 964 964 964 964 964 964 964 964 964 964 964 964 964 964 964 964 964 964 964 964 964 
964 964 964 964 964 964 964 964 964 964 964 964 964 964 964 964 964 964 964 964 964 964 964 964 964 964 964 964 964 964 964 964 964 964 964 964 964 965 965 965 956 963 963 963 964 964 964 964 964 964 964 964 964 964 964 964 964 964 964 964 964 964 964 964 964 964 964 964 964 964 964 964 964 964 964 964 964 964 964 964 964 964 964 964 964 964 964 964 964 964 964 964 964 964 964 964 964 964 964 964 
964 964 964 964 964 964 964 964 964 964 964 964 964 964 964 964 964 964 964 964 964 964 964 964 964 964 964 964 964 964 964 964 964 964 964 964 964 965 965 965 956 963 963 963 964 964 964 964 964 964 964 964 964 964 964 964 964 964 964 964 964 964 964 964 964 964 964 964 964 964 964 964 964 964 964 964 964 964 964 964 964 964 964 964 964 964 964 964 964 964 964 964 964 964 964 964 964 964 964 964 
964 964 964 964 964 964 964 964 964 964 964 964 964 964 964 964 964 964 964 964 964 964 964 964 964 964 964 964 964 964 964 964 964 964 964 964 964 965 965 965 956 963 963 963 964 964 964 964 964 964 964 964 964 964 964 964 964 964 964 964 964 964 964 964 964 964 964 964 964 964 964 964 964 964 964 964 964 964 964 964 964 964 964 964 964 964 964 964 964 964 964 964 964 964 964 964 964 964 964 964 
964 964 964 964 964 964 964 964 964 964 964 964 964 964 964 964 964 964 964 964 964 964 964 964 964 964 964 964 964 964 964 964 964 964 964 964 964 965 965 965 956 963 963 963 964 964 964 964 964 964 964 964 964 964 964 964 964 964 964 964 964 964 964 964 964 964 964 964 964 964 964 964 964 964 964 964 964 964 964 964 964 964 964 964 964 964 964 964 964 964 964 964 964 964 964 964 964 964 964 964 
964 964 964 964 964 964 964 964 964 964 964 964 964 964 964 964 964 964 964 964 964 964 964 964 964 964 964 964 964 964 964 964 964 964 964 964 964 965 965 965 956 963 963 963 964 964 964 964 964 964 964 964 964 964 964 964 964 964 964 964 964 964 964 964 964 964 964 964 964 964 964 964 964 964 964 964 964 964 964 964 964 964 964 964 964 964 964 964 964 964 964 964 964 964 964 964 964 964 964 964 
964 964 964 964 964 964 964 964 964 964 964 964 964 964 964 964 964 964 964 964 964 964 964 964 964 964 964 964 964 964 964 964 964 964 964 964 964 965 965 965 956 963 963 963 964 964 964 964 964 964 964 964 964 964 964 964 964 964 964 964 964 964 964 964 964 964 964 964 964 964 964 964 964 964 964 964 964 964 964 964 964 964 964 964 964 964 964 964 964 964 964 964 964 964 964 964 964 964 964 964 
964 964 964 964 964 964 964 964 964 964 964 964 964 964 964 964 964 964 964 964 964 964 964 964 964 964 964 964 964 964 964 964 964 964 964 964 970 968 965 965 956 963 963 963 964 964 964 964 964 964 964 964 964 964 964 964 964 964 964 964 964 964 964 964 964 964 964 964 964 964 964 964 964 964 964 964 964 964 964 964 964 964 964 964 964 964 964 964 964 964 964 964 964 964 964 964 964 964 964 964 
964 964 964 964 964 964 964 964 964 964 964 964 964 964 964 964 964 964 964 964 964 964 964 964 964 964 964 964 964 964 964 964 964 964 964 964 965 964 965 965 956 963 963 963 964 964 964 964 964 964 964 964 964 964 970 967 967 967 967 967 967 967 971 964 964 964 964 964 964 964 964 964 964 964 964 964 964 964 964 964 964 964 964 964 964 964 964 964 964 964 964 964 964 964 964 964 964 964 964 964 
964 964 964 964 964 964 964 964 964 964 964 964 964 964 964 964 964 964 964 964 964 964 964 964 964 964 964 964 964 964 964 964 964 964 964 964 965 964 965 965 956 963 963 963 964 970 967 967 967 967 967 971 964 964 965 970 967 967 967 967 967 971 963 964 964 964 964 964 964 964 964 964 964 964 964 964 964 964 964 964 964 964 964 964 964 964 964 964 964 964 964 964 964 964 964 964 964 964 964 964 
964 964 964 964 964 964 964 964 964 964 964 964 964 964 964 964 964 964 964 964 964 964 964 964 964 964 964 964 964 964 964 964 964 964 964 964 965 970 968 965 956 963 963 966 967 968 970 967 967 967 971 966 967 967 968 965 970 967 967 967 971 963 963 964 964 964 964 964 964 964 964 964 964 964 964 964 964 964 964 964 964 964 964 964 964 964 964 964 964 964 964 964 964 964 964 964 964 964 964 964 
964 964 964 964 964 964 964 964 964 964 964 964 964 964 964 964 964 964 964 964 964 964 964 964 964 964 964 964 964 964 964 964 964 964 964 964 965 965 964 965 956 963 966 967 967 967 968 970 967 971 966 967 967 967 967 968 965 958 958 958 963 963 963 964 964 964 964 964 964 964 964 964 964 964 964 964 964 964 964 964 964 964 964 964 964 964 964 964 964 964 964 964 964 964 964 964 964 964 964 964 
964 964 964 964 964 964 964 964 964 964 964 964 964 964 964 964 964 964 964 964 964 964 964 964 964 964 964 964 964 964 964 964 964 964 964 964 965 965 964 965 956 966 967 967 967 967 967 968 958 966 967 967 967 967 967 967 968 958 958 958 963 963 963 964 964 964 964 964 964 964 964 964 964 964 964 964 964 964 964 964 964 964 964 964 964 964 964 964 964 964 964 964 964 964 964 964 964 964 964 964 
964 964 964 964 964 964 964 964 964 964 964 964 964 964 964 964 964 964 964 964 964 964 964 964 964 964 964 964 964 964 964 964 964 964 964 964 965 965 964 965 956 957 956 956 956 956 956 956 958 956 956 956 956 956 956 956 956 956 956 956 963 963 963 964 964 964 964 964 964 964 964 964 964 964 964 964 964 964 964 964 964 964 964 964 964 964 964 964 964 964 964 964 964 964 964 964 964 964 964 964 
964 964 964 964 964 964 964 964 964 964 964 964 964 964 964 964 964 964 964 964 964 964 964 964 964 964 964 964 964 964 964 964 964 964 964 964 965 965 964 965 956 956 958 956 956 956 956 956 956 956 956 956 956 956 956 956 956 956 956 957 963 963 963 964 964 964 964 964 964 964 964 964 964 964 964 964 964 964 964 964 964 964 964 964 964 964 964 964 964 964 964 964 964 964 964 964 964 964 964 964 
964 964 964 964 964 964 964 964 964 964 964 964 964 964 964 964 964 964 964 964 964 964 964 964 964 964 964 964 964 964 964 964 964 964 964 964 965 965 964 965 958 958 958 958 960 961 961 961 961 961 961 961 961 961 961 961 962 956 956 956 963 963 966 971 964 964 964 964 964 964 964 964 964 964 964 964 964 964 964 964 964 964 964 964 964 964 964 964 964 964 964 964 964 964 964 964 964 964 964 964 
964 964 964 964 964 964 964 964 964 964 964 964 964 964 964 964 964 964 964 964 964 964 964 964 964 964 964 964 964 964 964 964 964 964 964 964 965 965 961 961 961 961 961 961 961 961 961 961 961 961 961 961 961 962 964 964 965 956 956 956 963 966 971 966 971 964 964 964 964 964 964 964 964 964 964 964 964 964 964 964 964 964 964 964 964 964 964 964 964 964 964 964 964 964 964 964 964 964 964 964 
964 964 964 964 964 964 964 964 964 964 964 964 964 964 964 964 964 964 964 964 964 964 964 964 964 964 964 964 964 964 964 964 964 964 964 964 965 961 961 961 961 961 961 961 961 961 961 961 961 961 961 961 962 965 970 967 968 956 956 956 966 971 966 971 963 964 964 964 964 964 964 964 964 964 964 964 964 964 964 964 964 964 964 964 964 964 964 964 964 964 964 964 964 964 964 964 964 964 964 964 
964 964 964 964 964 964 964 964 964 964 964 964 964 964 964 964 964 964 964 964 964 964 964 964 964 964 964 964 964 964 964 964 964 964 964 964 965 964 964 964 964 964 964 964 964 964 964 964 964 964 964 964 965 965 965 958 958 958 956 958 958 966 971 963 963 964 964 964 964 964 964 964 964 964 964 964 964 964 964 964 964 964 964 964 964 964 964 964 964 964 964 964 964 964 964 964 964 964 964 964 
964 964 964 964 964 964 964 964 964 964 964 964 964 964 964 964 964 964 964 964 964 964 964 964 964 964 964 964 964 964 964 964 964 964 964 964 965 964 964 964 964 964 964 964 964 964 964 964 964 964 964 964 965 965 965 958 958 956 956 956 958 958 963 963 963 964 964 964 964 964 964 964 964 964 964 964 964 964 964 964 964 964 964 964 964 964 964 964 964 964 964 964 964 964 964 964 964 964 964 964 
964 964 964 964 964 964 964 964 964 964 964 964 964 964 964 964 964 964 964 964 964 964 964 964 964 964 964 964 964 964 964 964 964 964 964 964 965 964 964 964 964 964 964 964 964 964 964 964 964 964 964 964 965 965 965 958 956 956 956 956 958 958 963 963 963 964 964 964 964 964 964 964 964 964 964 964 964 964 964 964 964 964 964 964 964 964 964 964 964 964 964 964 964 964 964 964 964 964 964 964 
964 964 964 964 964 964 964 964 964 964 964 964 964 964 964 964 964 964 964 964 964 964 964 964 964 964 964 964 964 964 964 964 964 964 964 964 965 964 964 964 964 964 964 964 964 964 964 964 964 964 964 964 965 965 965 956 956 956 956 978 977 979 963 963 963 964 964 964 964 964 964 964 964 964 964 964 964 964 964 964 964 964 964 964 964 964 964 964 964 964 964 964 964 964 964 964 964 964 964 964 
964 964 964 964 964 964 964 964 964 964 964 964 964 964 964 964 964 964 964 964 964 964 964 964 964 964 964 964 964 964 964 964 964 964 964 964 965 964 964 964 964 964 964 964 964 964 964 964 964 964 964 964 965 965 965 978 977 979 956 956 960 961 963 963 963 964 964 964 964 964 964 964 964 964 964 964 964 964 964 964 964 964 964 964 964 964 964 964 964 964 964 964 964 964 964 964 964 964 964 964 
964 964 964 964 964 964 964 964 964 964 964 964 964 964 964 964 964 964 964 964 964 964 964 964 964 964 964 964 964 964 964 964 964 964 964 964 965 964 964 964 964 964 964 964 964 964 964 964 964 964 964 964 965 965 965 961 962 978 977 979 963 964 963 963 963 964 964 964 964 964 964 964 964 964 964 964 964 964 964 964 964 964 964 964 964 964 964 964 964 964 964 964 964 964 964 964 964 964 964 964 
964 964 964 964 964 964 964 964 964 964 964 964 964 964 964 964 964 964 964 964 964 964 964 964 964 964 964 964 964 964 964 964 964 964 964 964 965 964 964 964 964 964 964 964 964 964 964 964 964 964 964 970 968 965 965 958 965 956 956 956 963 964 963 963 966 971 964 964 964 964 964 964 964 964 964 964 964 964 964 964 964 964 964 964 964 964 964 964 964 964 964 964 964 964 964 964 964 964 964 964 
964 964 964 964 964 964 964 964 964 964 964 964 964 964 964 964 964 964 964 964 964 964 964 964 964 964 964 964 964 964 964 964 964 964 964 964 965 964 964 964 964 964 964 964 964 964 964 964 964 964 964 965 970 968 965 958 965 956 956 956 963 964 963 966 971 963 964 964 964 964 964 964 964 964 964 964 964 964 964 964 964 964 964 964 964 964 964 964 964 964 964 964 964 964 964 964 964 964 964 964 
964 964 964 964 964 964 964 964 964 964 964 964 964 964 964 964 964 964 964 964 964 964 964 964 964 964 964 964 964 964 964 964 964 964 964 964 965 964 964 964 964 964 964 964 964 964 964 964 964 964 964 965 965 970 968 958 965 956 956 956 963 964 966 971 963 963 964 964 964 964 964 964 964 964 964 964 964 964 964 964 964 964 964 964 964 964 964 964 964 964 964 964 964 964 964 964 964 964 964 964 
964 964 964 964 964 964 964 964 964 964 964 964 964 964 964 964 964 964 964 964 964 964 964 964 964 964 964 964 964 964 964 964 964 964 964 964 965 964 964 964 964 964 964 964 964 964 964 964 964 964 964 965 965 965 970 967 968 956 956 956 966 967 971 963 963 963 964 964 964 964 964 964 964 964 964 964 964 964 964 964 964 964 964 964 964 964 964 964 964 964 964 964 964 964 964 964 964 964 964 964 
964 964 964 964 964 964 964 964 964 964 964 964 964 964 964 964 964 964 964 964 964 964 964 964 964 964 964 964 964 964 964 964 964 964 964 964 965 964 964 964 964 964 964 964 964 964 964 964 964 964 970 968 965 965 965 956 956 956 956 956 956 956 963 963 963 966 971 964 964 964 964 964 964 964 964 964 964 964 964 964 964 964 964 964 964 964 964 964 964 964 964 964 964 964 964 964 964 964 964 964 
964 964 964 964 964 964 964 964 964 964 964 964 964 964 964 964 964 964 964 964 964 964 964 964 964 964 964 964 964 964 964 964 964 964 964 964 965 964 964 964 964 964 964 964 964 964 964 964 964 964 965 970 968 965 965 956 958 958 956 958 958 956 963 963 966 971 963 964 964 964 964 964 964 964 964 964 964 964 964 964 964 964 964 964 964 964 964 964 964 964 964 964 964 964 964 964 964 964 964 964 
964 964 964 964 964 964 964 964 964 964 964 964 964 964 964 964 964 964 964 964 964 964 964 964 964 964 964 964 964 964 964 964 964 964 964 964 965 964 964 964 964 964 964 964 964 964 964 964 964 964 965 965 970 968 965 956 958 958 956 958 958 956 963 966 971 963 963 964 964 964 964 964 964 964 964 964 964 964 964 964 964 964 964 964 964 964 964 964 964 964 964 964 964 964 964 964 964 964 964 964 
964 964 964 964 964 964 964 964 964 964 964 964 964 964 964 964 964 964 964 964 964 964 964 964 964 964 964 964 964 964 964 964 964 964 964 964 965 964 964 964 964 964 964 964 964 964 964 964 964 964 965 965 965 970 968 956 956 956 956 956 956 956 966 971 963 963 963 964 964 964 964 964 964 964 964 964 964 964 964 964 964 964 964 964 964 964 964 964 964 964 964 964 964 964 964 964 964 964 964 964 
964 964 964 964 964 964 964 964 964 964 964 964 964 964 964 964 964 964 964 964 964 964 964 964 964 964 964 964 964 964 964 964 964 964 964 964 965 964 964 964 964 964 964 964 964 964 964 964 964 964 965 965 965 965 956 956 956 956 958 956 956 956 956 963 963 963 963 964 964 964 964 964 964 964 964 964 964 964 964 964 964 964 964 964 964 964 964 964 964 964 964 964 964 964 964 964 964 964 964 964 
964 964 964 964 964 964 964 964 964 964 964 964 964 964 964 964 964 964 964 964 964 964 964 964 964 964 964 964 964 964 964 964 964 964 964 964 965 964 964 964 964 964 964 964 964 964 964 964 964 964 965 965 965 965 956 956 956 956 956 956 956 956 956 963 963 963 963 964 964 964 964 964 964 964 964 964 964 964 964 964 964 964 964 964 964 964 964 964 964 964 964 964 964 964 964 964 964 964 964 964 
964 964 964 964 964 964 964 964 964 964 964 964 964 964 964 964 964 964 964 964 964 964 964 964 964 964 964 964 964 964 964 964 964 964 964 964 965 964 964 964 964 964 964 964 964 964 964 964 964 964 965 965 965 965 956 956 957 956 956 956 956 956 956 963 963 963 963 964 964 964 964 964 964 964 964 964 964 964 964 964 964 964 964 964 964 964 964 964 964 964 964 964 964 964 964 964 964 964 964 964 
964 964 964 964 964 964 964 964 964 964 964 964 964 964 964 964 964 964 964 964 964 964 964 964 964 964 964 964 964 964 964 964 964 964 964 964 965 964 964 964 964 964 964 964 964 964 964 964 964 964 965 965 965 965 956 956 956 956 956 956 956 957 956 963 963 963 963 964 964 964 964 964 964 964 964 964 964 964 964 964 964 964 964 964 964 964 964 964 964 964 964 964 964 964 964 964 964 964 964 964 
964 964 964 964 964 964 964 964 964 964 964 964 964 964 964 964 964 964 964 964 964 964 964 964 964 964 964 964 964 964 964 964 964 964 964 964 965 964 964 964 964 964 964 964 964 964 964 964 964 964 965 965 965 965 956 957 956 956 956 956 956 956 956 963 963 963 963 964 964 964 964 964 964 964 964 964 964 964 964 964 964 964 964 964 964 964 964 964 964 964 964 964 964 964 964 964 964 964 964 964 
964 964 964 964 964 964 964 964 964 964 964 964 964 964 964 964 964 964 964 964 964 964 964 964 964 964 964 964 964 964 964 964 964 964 964 964 965 964 964 964 964 964 964 964 964 964 964 964 964 964 965 965 965 965 961 961 961 961 961 961 961 961 961 963 963 963 963 964 964 964 964 964 964 964 964 964 964 964 964 964 964 964 964 964 964 964 964 964 964 964 964 964 964 964 964 964 964 964 964 964 
964 964 964 964 964 964 964 964 964 964 964 964 964 964 964 964 964 964 964 964 964 964 964 964 964 964 964 964 964 964 964 964 964 964 964 964 965 964 964 964 964 964 964 964 964 964 964 964 964 964 965 965 965 961 961 961 961 961 961 961 961 961 961 961 963 963 963 964 964 964 964 964 964 964 964 964 964 964 964 964 964 964 964 964 964 964 964 964 964 964 964 964 964 964 964 964 964 964 964 964 
964 964 964 964 964 964 964 964 964 964 964 964 964 964 964 964 964 964 964 964 964 964 964 964 964 964 964 964 964 964 964 964 964 964 964 964 965 964 964 964 964 964 964 964 964 964 964 964 964 964 965 965 961 961 961 961 961 961 961 961 961 961 961 961 961 963 963 964 964 964 964 964 964 964 964 964 964 964 964 964 964 964 964 964 964 964 964 964 964 964 964 964 964 964 964 964 964 964 964 964 
964 964 964 964 964 964 964 964 964 964 964 964 964 964 964 964 964 964 964 964 964 964 964 964 964 964 964 964 964 964 964 964 964 964 964 964 965 964 964 964 964 964 964 964 964 964 964 964 964 964 965 965 964 964 964 964 964 964 964 964 964 964 964 964 964 963 963 964 964 964 964 964 964 964 964 964 964 964 964 964 964 964 964 964 964 964 964 964 964 964 964 964 964 964 964 964 964 964 964 964 
964 964 964 964 964 964 964 964 964 964 964 964 964 964 964 964 964 964 964 964 964 964 964 964 964 964 964 964 964 964 964 964 964 964 964 964 965 964 964 964 964 964 964 964 964 964 964 964 964 964 965 965 964 964 964 964 964 964 964 964 964 964 964 964 964 963 963 964 964 964 964 964 964 964 964 964 964 964 964 964 964 964 964 964 964 964 964 964 964 964 964 964 964 964 964 964 964 964 964 964 
964 964 964 964 964 964 964 964 964 964 964 964 964 964 964 964 964 964 964 964 964 964 964 964 964 964 964 964 964 964 964 964 964 964 964 964 965 964 964 964 964 964 964 964 964 964 964 964 964 964 965 965 964 964 964 964 964 964 964 964 964 964 964 964 964 963 963 964 964 964 964 964 964 964 964 964 964 964 964 964 964 964 964 964 964 964 964 964 964 964 964 964 964 964 964 964 964 964 964 964 
964 964 964 964 964 964 964 964 964 964 964 964 964 964 964 964 964 964 964 964 964 964 964 964 964 964 964 964 964 964 964 964 964 964 964 964 965 964 964 964 964 964 964 964 964 964 964 964 964 964 965 965 964 964 964 964 964 964 964 964 964 964 964 964 964 963 963 964 964 964 964 964 964 964 964 964 964 964 964 964 964 964 964 964 964 964 964 964 964 964 964 964 964 964 964 964 964 964 964 964 
964 964 964 964 964 964 964 964 964 964 964 964 964 964 964 964 964 964 964 964 964 964 964 964 964 964 964 964 964 964 964 964 964 964 964 964 965 964 964 964 964 964 964 964 964 964 964 964 964 964 965 965 964 964 964 964 964 964 964 964 964 964 964 964 964 963 963 964 964 964 964 964 964 964 964 964 964 964 964 964 964 964 964 964 964 964 964 964 964 964 964 964 964 964 964 964 964 964 964 964 
964 964 964 964 964 964 964 964 964 964 964 964 964 964 964 964 964 964 964 964 964 964 964 964 964 964 964 964 964 964 964 964 964 964 964 964 965 964 964 964 964 964 964 964 964 964 964 964 964 964 965 965 964 964 964 964 964 964 964 964 964 964 964 964 964 963 963 964 964 964 964 964 964 964 964 964 964 964 964 964 964 964 964 964 964 964 964 964 964 964 964 964 964 964 964 964 964 964 964 964 
964 964 964 964 964 964 964 964 964 964 964 964 964 964 964 964 964 964 964 964 964 964 964 964 964 964 964 964 964 964 964 964 964 964 964 964 965 964 964 964 964 964 964 964 964 964 964 964 964 964 965 965 964 964 964 964 964 964 964 964 964 964 964 964 964 963 963 964 964 964 964 964 964 964 964 964 964 964 964 964 964 964 964 964 964 964 964 964 964 964 964 964 964 964 964 964 964 964 964 964 
964 964 964 964 964 964 964 964 964 964 964 964 964 964 964 964 964 964 964 964 964 964 964 964 964 964 964 964 964 964 964 964 964 964 964 964 965 964 964 964 964 964 964 964 964 964 964 964 964 964 965 965 964 964 964 964 964 964 964 964 964 964 964 964 964 963 963 964 964 964 964 964 964 964 964 964 964 964 964 964 964 964 964 964 964 964 964 964 964 964 964 964 964 964 964 964 964 964 964 964 
964 964 964 964 964 964 964 964 964 964 964 964 964 964 964 964 964 964 964 964 964 964 964 964 964 964 964 964 964 964 964 964 964 964 964 964 965 964 964 964 964 964 964 964 964 964 964 964 964 964 965 965 964 964 964 964 964 964 964 964 964 964 964 964 964 963 963 964 964 964 964 964 964 964 964 964 964 964 964 964 964 964 964 964 964 964 964 964 964 964 964 964 964 964 964 964 964 964 964 964 
964 964 964 964 964 964 964 964 964 964 964 964 964 964 964 964 964 964 964 964 964 964 964 964 964 964 964 964 964 964 964 964 964 964 964 964 965 964 964 964 964 964 964 964 964 964 964 964 964 964 965 965 964 964 964 964 964 964 964 964 964 964 964 964 964 963 963 964 964 964 964 964 964 964 964 964 964 964 964 964 964 964 964 964 964 964 964 964 964 964 964 964 964 964 964 964 964 964 964 964 
964 964 964 964 964 964 964 964 964 964 964 964 964 964 964 964 964 964 964 964 964 964 964 964 964 964 964 964 964 964 964 964 964 964 964 964 965 964 964 964 964 964 964 964 964 964 964 964 964 964 965 965 964 964 964 964 964 964 964 964 964 964 964 964 964 963 963 964 964 964 964 964 964 964 964 964 964 964 964 964 964 964 964 964 964 964 964 964 964 964 964 964 964 964 964 964 964 964 964 964 
964 964 964 964 964 964 964 964 964 964 964 964 964 964 964 964 964 964 964 964 964 964 964 964 964 964 964 964 964 964 964 964 964 964 964 964 965 964 964 964 964 964 964 964 964 964 964 964 964 964 965 965 964 964 964 964 964 964 964 964 964 964 964 964 964 963 963 964 964 964 964 964 964 964 964 964 964 964 964 964 964 964 964 964 964 964 964 964 964 964 964 964 964 964 964 964 964 964 964 964 
964 964 964 964 964 964 964 964 964 964 964 964 964 964 964 964 964 964 964 964 964 964 964 964 964 964 964 964 964 964 964 964 964 964 964 964 965 964 964 964 964 964 964 964 964 964 964 964 964 964 965 965 964 964 964 964 964 964 964 964 964 964 964 964 964 963 963 964 964 964 964 964 964 964 964 964 964 964 964 964 964 964 964 964 964 964 964 964 964 964 964 964 964 964 964 964 964 964 964 964 
964 964 964 964 964 964 964 964 964 964 964 964 964 964 964 964 964 964 964 964 964 964 964 964 964 964 964 964 964 964 964 964 964 964 964 964 965 964 964 964 964 964 964 964 964 964 964 964 964 964 965 965 964 964 964 964 964 964 964 964 964 964 964 964 964 963 963 964 964 964 964 964 964 964 964 964 964 964 964 964 964 964 964 964 964 964 964 964 964 964 964 964 964 964 964 964 964 964 964 964 
