964 964 964 964 964 964 964 964 964 964 964 964 964 964 964 964 964 964 964 964 964 964 964 964 964 964 964 964 964 964 964 964 964 964 964 964 964 964 964 964 964 964 964 964 964 964 964 964 964 964 964 964 964 964 964 964 964 964 964 964 964 964 964 964 964 964 964 964 964 964 964 964 964 964 964 964 964 964 964 964 964 964 964 964 964 964 964 964 964 964 964 964 964 964 964 964 964 964 964 964 
964 964 964 964 964 964 964 964 964 964 964 964 964 964 964 964 964 964 964 964 964 964 964 964 964 964 964 964 964 964 964 964 964 964 964 964 964 964 964 964 964 964 964 964 964 964 964 964 964 964 964 964 964 964 964 964 964 964 964 964 964 964 964 964 964 964 964 964 964 964 964 964 964 964 964 964 964 964 964 964 964 964 964 964 964 964 964 964 964 964 964 964 964 964 964 964 964 964 964 964 
964 964 964 964 964 964 964 964 964 964 964 964 964 964 964 964 964 964 964 964 964 964 964 964 964 964 964 964 964 964 964 964 964 964 964 964 964 964 964 964 964 964 964 964 964 964 964 964 964 964 964 964 964 964 964 964 964 964 964 964 964 964 964 964 964 964 964 964 964 964 964 964 964 964 964 964 964 964 964 964 964 964 964 964 964 964 964 964 964 964 964 964 964 964 964 964 964 964 964 964 
964 964 964 964 964 964 964 964 964 964 964 964 964 964 964 964 964 964 964 964 964 964 964 964 964 964 964 964 964 964 964 964 964 964 964 964 964 964 964 964 964 964 964 964 964 964 964 964 964 964 964 964 964 964 964 964 964 964 964 964 964 964 964 964 964 964 964 964 964 964 964 964 964 964 964 964 964 964 964 964 964 964 964 964 964 964 964 964 964 964 964 964 964 964 964 964 964 964 964 964 
964 964 964 964 964 964 964 964 964 964 964 964 964 964 964 964 964 964 964 964 964 964 964 964 964 964 964 964 964 964 964 964 964 964 964 964 964 964 964 964 964 964 964 964 964 964 964 964 964 964 964 964 964 964 964 964 964 964 964 964 964 964 964 964 964 964 964 964 964 964 964 964 964 964 964 964 964 964 964 964 964 964 964 964 964 964 964 964 964 964 964 964 964 964 964 964 964 964 964 964 
964 964 964 964 964 964 964 964 964 964 964 964 964 964 964 964 964 964 964 964 964 964 964 964 964 964 964 964 964 964 964 964 964 964 964 964 964 964 964 964 964 964 964 964 964 964 964 964 964 964 964 964 964 964 964 964 964 964 964 964 964 964 964 964 964 964 964 964 964 964 964 964 964 964 964 964 964 964 964 964 964 964 964 964 964 964 964 964 964 964 964 964 964 964 964 964 964 964 964 964 
964 964 964 964 964 964 964 964 964 964 964 964 964 964 964 964 964 964 964 964 964 964 964 964 964 964 964 964 970 967 967 967 967 967 967 967 967 967 967 967 967 967 967 967 967 967 967 967 967 967 967 967 967 967 967 967 967 971 964 964 964 964 964 964 964 964 964 964 964 964 964 964 964 964 964 964 964 964 964 964 964 964 964 964 964 964 964 964 964 964 964 964 964 964 964 964 964 964 964 964 
964 964 964 964 964 964 964 964 964 964 964 964 964 964 964 964 964 964 964 964 964 964 964 964 964 964 964 964 965 970 967 967 967 967 967 967 967 967 967 967 967 967 967 967 967 967 967 967 967 967 967 967 967 967 967 967 971 963 964 964 964 964 964 964 964 964 964 964 964 964 964 964 964 964 964 964 964 964 964 964 964 964 964 964 964 964 964 964 964 964 964 964 964 964 964 964 964 964 964 964 
964 964 964 964 964 964 964 964 964 964 964 964 964 964 964 964 964 964 964 964 964 964 964 964 964 964 964 964 965 965 956 956 956 956 956 956 956 956 956 956 956 956 956 956 956 956 956 956 956 956 956 956 956 956 956 956 963 963 964 964 964 964 964 964 964 964 964 964 964 964 964 964 964 964 964 964 964 964 964 964 964 964 964 964 964 964 964 964 964 964 964 964 964 964 964 964 964 964 964 964 
964 964 964 964 964 964 964 964 964 964 964 964 964 964 964 964 964 964 964 964 964 964 964 964 964 964 964 964 965 965 956 956 956 956 956 957 978 977 977 977 977 977 977 977 977 977 977 977 977 979 957 977 957 956 956 956 963 966 967 967 967 967 967 967 967 967 967 967 971 964 964 964 964 964 964 964 964 964 964 964 964 964 964 964 964 964 964 964 964 964 964 964 964 964 964 964 964 964 964 964 
964 964 964 964 964 964 964 964 964 964 964 964 964 964 964 964 964 964 964 964 964 964 964 964 964 964 964 964 965 965 956 957 978 977 979 956 956 956 956 956 956 956 956 956 956 956 956 956 956 956 956 956 957 956 956 956 966 967 967 967 967 967 967 967 967 967 967 971 963 964 964 964 964 964 964 964 964 964 964 964 964 964 964 964 964 964 964 964 964 964 964 964 964 964 964 964 964 964 964 964 
964 964 964 964 964 964 964 964 964 964 964 964 964 964 964 964 964 964 964 964 964 964 964 964 964 964 964 964 965 965 956 981 956 956 956 956 956 956 956 956 956 956 956 956 956 957 956 956 956 956 956 956 984 956 956 956 956 956 956 956 956 956 956 956 956 956 956 963 963 964 964 964 964 964 964 964 964 964 964 964 964 964 964 964 964 964 964 964 964 964 964 964 964 964 964 964 964 964 964 964 
964 964 964 964 964 964 964 964 964 964 964 964 964 964 964 964 964 964 964 964 964 964 964 964 964 964 964 964 965 965 956 980 956 956 956 956 956 956 956 956 956 957 956 956 956 956 956 956 956 956 956 956 985 956 956 956 956 956 956 956 956 956 956 956 956 956 956 963 963 964 964 964 964 964 964 964 964 964 964 964 964 964 964 964 964 964 964 964 964 964 964 964 964 964 964 964 964 964 964 964 
964 964 964 964 964 964 964 964 964 964 964 964 964 964 964 964 964 964 964 964 964 964 964 964 964 964 964 964 965 965 956 980 956 957 956 956 956 956 956 956 956 956 956 956 956 956 956 956 956 956 956 956 957 957 978 977 977 977 977 977 977 977 977 979 957 956 956 963 963 964 964 964 964 964 964 964 964 964 964 964 964 964 964 964 964 964 964 964 964 964 964 964 964 964 964 964 964 964 964 964 
964 964 964 964 964 964 964 964 964 964 964 964 964 964 964 964 964 964 964 964 964 964 964 964 964 964 964 964 965 965 956 980 956 956 956 956 956 956 956 956 956 956 956 956 956 956 956 956 956 956 956 956 956 956 956 956 956 956 956 956 956 956 957 956 984 956 956 963 963 964 964 964 964 964 964 964 964 964 964 964 964 964 964 964 964 964 964 964 964 964 964 964 964 964 964 964 964 964 964 964 
964 964 964 964 964 964 964 964 964 964 964 964 964 964 964 964 964 964 964 964 964 964 964 964 964 964 964 964 965 965 956 980 956 956 956 956 956 956 956 956 956 956 956 957 956 956 956 956 956 956 956 956 956 956 956 956 956 956 956 956 956 956 957 956 983 956 956 963 963 964 964 964 964 964 964 964 964 964 964 964 964 964 964 964 964 964 964 964 964 964 964 964 964 964 964 964 964 964 964 964 
964 964 964 964 964 964 964 964 964 964 964 964 964 964 964 964 964 964 964 964 964 964 964 964 964 964 964 964 965 965 956 980 956 956 956 956 957 956 956 956 956 956 956 956 956 956 956 956 956 956 956 956 956 956 957 956 956 956 956 956 956 956 956 956 983 956 956 963 966 967 967 967 967 967 967 967 967 971 971 964 964 964 964 964 964 964 964 964 964 964 964 964 964 964 964 964 964 964 964 964 
964 964 964 964 964 964 964 964 964 964 964 964 964 964 964 964 964 964 964 964 964 964 964 964 964 964 964 964 965 965 956 980 956 956 956 956 956 956 956 956 956 956 956 956 956 956 956 956 956 956 956 956 956 957 956 956 956 956 956 956 956 956 956 957 983 956 956 966 967 967 967 967 967 967 967 967 967 971 963 964 964 964 964 964 964 964 964 964 964 964 964 964 964 964 964 964 964 964 964 964 
964 964 964 964 964 964 964 964 964 964 964 964 964 964 964 964 964 964 964 964 964 964 964 964 964 964 964 964 965 965 956 980 956 956 956 956 956 956 956 956 956 956 956 956 956 956 956 956 957 956 956 956 956 956 956 956 956 956 956 956 956 956 956 956 983 956 956 956 956 956 956 956 956 956 956 956 956 963 963 964 964 964 964 964 964 964 964 964 964 964 964 964 964 964 964 964 964 964 964 964 
964 964 964 964 964 964 964 964 964 964 964 964 964 964 964 964 964 964 964 964 964 964 964 964 964 964 964 964 965 965 956 982 956 956 957 956 956 956 956 956 956 956 956 956 956 956 956 956 956 956 956 956 956 956 956 956 956 956 956 956 956 956 956 956 985 956 956 956 956 956 956 956 956 956 956 956 956 963 963 964 964 964 964 964 964 964 964 964 964 964 964 964 964 964 964 964 964 964 964 964 
964 964 964 964 964 964 964 964 964 964 964 964 964 964 964 964 964 964 964 964 964 964 964 964 964 964 964 964 965 965 956 957 975 974 974 974 974 974 976 957 956 956 956 956 956 956 956 956 956 956 956 956 956 956 956 956 956 956 956 956 956 956 956 956 957 978 977 977 977 977 977 979 957 956 956 956 956 963 963 964 964 964 964 964 964 964 964 964 964 964 964 964 964 964 964 964 964 964 964 964 
964 964 964 964 964 964 964 964 964 964 964 964 964 964 964 964 964 964 964 964 964 964 964 964 964 964 964 964 965 965 956 956 956 956 956 956 956 956 956 981 956 956 956 956 956 956 956 956 956 956 956 956 956 956 956 956 956 956 956 956 956 956 956 956 956 956 956 956 956 956 956 957 984 956 956 956 956 963 963 964 964 964 964 964 964 964 964 964 964 964 964 964 964 964 964 964 964 964 964 964 
964 964 964 964 964 964 964 964 964 964 964 964 964 964 964 964 964 964 964 964 964 964 964 964 964 964 964 964 965 965 956 956 956 956 956 956 956 956 956 980 956 956 956 956 956 956 956 956 956 957 956 956 956 956 956 956 956 956 956 956 956 956 956 956 956 956 956 956 956 956 956 956 983 956 956 956 956 963 963 964 964 964 964 964 964 964 964 964 964 964 964 964 964 964 964 964 964 964 964 964 
964 964 964 964 964 964 964 964 964 964 964 964 964 964 964 964 964 964 964 964 964 964 964 964 964 964 964 964 965 965 956 956 956 956 956 956 956 956 956 982 956 956 956 956 956 956 956 956 956 956 956 956 956 956 956 956 957 957 956 956 956 956 956 956 956 956 956 956 956 956 956 956 983 956 956 956 956 963 963 964 964 964 964 964 964 964 964 964 964 964 964 964 964 964 964 964 964 964 964 964 
964 964 964 964 964 964 964 964 964 964 964 964 964 964 964 964 964 964 964 964 964 964 964 964 964 964 964 964 965 965 956 956 956 957 978 977 977 977 979 957 956 956 956 956 956 956 956 956 956 956 956 956 956 956 956 957 957 957 957 956 956 956 956 956 956 956 956 956 956 956 956 956 983 956 956 956 956 963 963 964 964 964 964 964 964 964 964 964 964 964 964 964 964 964 964 964 964 964 964 964 
964 964 964 964 964 964 964 964 964 964 964 964 964 964 964 964 964 964 964 964 964 964 964 964 964 964 964 964 965 965 956 956 956 981 956 956 956 956 956 956 956 956 956 956 956 956 956 956 956 956 956 956 956 956 957 957 957 957 957 956 956 956 956 956 956 956 956 956 956 956 956 956 985 956 956 956 956 963 963 964 964 964 964 964 964 964 964 964 964 964 964 964 964 964 964 964 964 964 964 964 
964 964 964 964 964 964 964 964 964 964 964 964 964 964 964 964 964 964 964 964 964 964 964 964 964 964 964 964 965 965 956 956 956 980 956 956 956 956 956 956 956 956 956 956 956 956 956 956 956 956 956 956 956 956 957 957 957 957 956 956 956 956 956 956 956 956 956 956 956 956 956 956 957 959 959 959 959 963 963 964 964 964 964 964 964 964 964 964 964 964 964 964 964 964 964 964 964 964 964 964 
964 964 964 964 964 964 964 964 964 964 964 964 964 964 964 964 964 964 964 964 964 964 964 964 964 964 964 964 965 965 956 956 956 980 956 956 956 956 956 956 956 956 956 956 956 956 956 956 956 956 956 956 956 956 956 957 957 956 956 956 956 956 956 956 956 956 956 956 956 956 956 957 957 958 958 958 958 963 963 964 964 964 964 964 964 964 964 964 964 964 964 964 964 964 964 964 964 964 964 964 
964 964 964 964 964 964 964 964 964 964 964 964 964 964 964 964 964 964 964 964 964 964 964 964 964 964 964 964 965 965 958 958 958 980 956 956 956 956 956 956 956 956 956 956 956 956 956 956 956 956 956 956 956 956 956 956 957 956 956 956 956 957 956 956 956 956 956 956 956 956 956 956 957 958 958 4 958 963 963 964 964 964 964 964 964 964 964 964 964 964 964 964 964 964 964 964 964 964 964 964 
964 964 964 964 964 964 964 964 964 964 964 964 964 964 964 964 964 964 964 964 964 964 964 964 964 964 964 964 965 965 956 956 956 980 956 956 956 956 956 956 956 956 956 956 956 956 956 956 956 956 956 956 956 956 956 956 956 956 956 956 956 956 956 956 956 956 956 956 956 956 956 956 956 958 4 4 4 963 963 964 964 964 964 964 964 964 964 964 964 964 964 964 964 964 964 964 964 964 964 964 
964 964 964 964 964 964 964 964 964 964 964 964 964 964 964 964 964 964 964 964 964 964 964 964 964 964 964 964 965 965 956 956 956 980 956 956 956 956 956 956 956 956 956 956 957 956 956 956 956 956 956 956 956 956 956 956 956 956 956 956 956 956 956 956 957 975 974 974 974 974 974 976 957 958 958 4 958 963 963 964 964 964 964 964 964 964 964 964 964 964 964 964 964 964 964 964 964 964 964 964 
964 964 964 964 964 964 964 964 964 964 964 964 964 964 964 964 964 964 964 964 964 964 964 964 964 964 964 964 965 965 956 956 956 980 956 956 956 956 956 956 956 956 956 956 956 956 956 956 956 956 956 956 956 956 956 956 956 956 956 956 956 956 956 956 983 956 956 956 956 956 956 956 956 959 958 958 958 963 963 964 964 964 964 964 964 964 964 964 964 964 964 964 964 964 964 964 964 964 964 964 
964 964 964 964 964 964 964 964 964 964 964 964 964 964 964 964 964 964 964 964 964 964 964 964 964 964 964 964 965 965 956 956 956 980 956 956 956 956 956 956 956 956 956 956 956 956 956 956 956 956 956 956 956 956 956 956 956 956 956 956 956 956 956 956 957 957 978 977 977 979 957 956 956 959 959 959 959 963 963 964 964 964 964 964 964 964 964 964 964 964 964 964 964 964 964 964 964 964 964 964 
964 964 964 964 964 964 964 964 964 964 964 964 964 964 964 964 964 964 964 964 970 967 967 967 967 967 967 967 967 965 956 956 956 982 956 956 956 956 956 956 957 956 956 956 956 956 956 956 956 956 956 956 956 956 956 956 956 956 956 956 956 956 956 956 956 956 956 956 956 956 984 956 956 956 956 956 956 963 963 964 964 964 964 964 964 964 964 964 964 964 964 964 964 964 964 964 964 964 964 964 
964 964 964 964 964 964 964 964 964 964 964 964 964 964 964 964 964 964 964 964 965 970 967 967 967 967 967 967 967 968 956 956 956 957 977 977 977 977 977 977 979 957 956 956 956 956 956 956 956 956 956 956 956 956 956 956 956 956 956 956 956 956 956 956 956 956 956 956 956 956 983 956 956 956 956 956 956 963 966 971 964 964 964 964 964 964 964 964 964 964 964 964 964 964 964 964 964 964 964 964 
964 964 964 964 964 964 964 964 964 964 964 964 964 964 964 964 964 964 964 964 965 965 956 956 956 956 956 956 956 956 956 956 956 956 956 956 956 956 956 956 956 980 956 956 956 956 956 956 956 957 956 956 956 956 956 956 956 956 956 956 956 956 956 956 956 956 956 956 956 956 983 956 956 956 956 956 956 966 971 963 964 964 964 964 964 964 964 964 964 964 964 964 964 964 964 964 964 964 964 964 
964 964 964 964 964 964 964 964 964 964 964 964 964 964 964 964 964 964 964 964 965 965 956 956 956 956 956 956 956 956 956 956 956 957 975 974 974 974 974 974 976 957 956 956 956 956 956 956 956 956 956 956 956 956 956 956 956 956 956 956 956 956 956 956 956 956 957 956 956 956 983 956 956 956 956 956 956 956 963 963 964 964 964 964 964 964 964 964 964 964 964 964 964 964 964 964 964 964 964 964 
964 964 964 964 964 964 964 964 964 964 964 964 964 964 964 964 964 964 964 964 965 965 956 956 956 956 956 956 956 956 956 956 956 981 956 956 956 957 956 956 956 956 956 956 956 956 956 956 956 956 956 956 956 956 956 956 956 956 956 956 956 956 956 956 956 956 956 957 956 956 983 956 956 956 956 956 956 956 963 963 964 964 964 964 964 964 964 964 964 964 964 964 964 964 964 964 964 964 964 964 
964 964 964 964 964 964 964 964 964 964 964 964 964 964 964 964 964 964 964 964 965 965 956 956 956 956 956 956 956 956 956 956 956 980 956 956 956 956 956 956 956 956 956 956 956 956 956 956 956 956 956 956 956 956 956 956 956 956 956 956 956 956 956 956 956 957 956 956 956 956 985 956 956 956 956 956 956 956 963 963 964 964 964 964 964 964 964 964 964 964 964 964 964 964 964 964 964 964 964 964 
964 964 964 964 964 964 964 964 964 964 964 964 964 964 964 964 964 964 964 964 965 965 956 956 956 956 956 956 956 956 956 956 956 980 956 956 956 956 956 956 956 956 956 956 956 956 956 956 956 956 956 956 956 956 956 956 956 956 956 956 956 956 956 956 956 956 956 956 956 956 957 978 977 977 957 956 956 956 963 963 964 964 964 964 964 964 964 964 964 964 964 964 964 964 964 964 964 964 964 964 
964 964 964 964 964 964 964 964 964 964 964 964 964 964 964 964 964 964 964 964 965 965 956 956 956 956 956 956 956 956 956 956 956 980 956 956 956 956 956 956 956 956 956 956 956 956 956 956 956 956 957 957 957 957 956 956 956 956 956 956 956 956 956 956 956 956 956 956 956 956 956 956 956 956 984 956 956 956 963 963 964 964 964 964 964 964 964 964 964 964 964 964 964 964 964 964 964 964 964 964 
964 964 964 964 964 964 964 964 964 964 964 964 964 964 964 964 964 964 964 964 965 965 956 956 956 956 956 956 956 956 956 956 956 980 956 956 956 956 956 956 956 956 957 956 956 956 956 956 956 956 957 957 957 957 956 956 956 956 956 956 956 956 956 956 956 956 956 956 956 956 956 956 956 956 983 956 956 956 963 963 964 964 964 964 964 964 964 964 964 964 964 964 964 964 964 964 964 964 964 964 
964 964 964 964 964 964 964 964 964 964 964 964 964 964 964 964 964 964 964 964 965 965 956 956 956 956 956 956 956 956 956 956 956 980 956 956 957 956 956 956 956 956 956 956 956 956 956 956 956 956 956 956 956 956 956 956 956 956 956 956 956 956 956 956 956 956 956 956 956 956 956 957 957 956 983 956 956 956 963 963 964 964 964 964 964 964 964 964 964 964 964 964 964 964 964 964 964 964 964 964 
964 964 964 964 964 964 964 964 964 964 964 964 964 964 964 964 964 964 964 964 965 965 956 956 956 956 956 956 956 956 956 956 956 980 956 956 956 956 956 956 956 956 956 956 956 956 956 956 956 956 956 956 956 956 957 956 956 956 956 956 956 956 956 956 956 956 956 956 956 956 956 956 956 956 983 956 956 956 963 963 964 964 964 964 964 964 964 964 964 964 964 964 964 964 964 964 964 964 964 964 
964 964 964 964 964 964 964 964 964 964 964 964 964 964 964 964 964 964 964 964 965 965 956 956 956 956 956 956 956 956 956 956 956 980 956 956 956 956 956 956 956 956 956 956 956 956 956 956 956 956 956 956 956 956 956 956 956 956 956 956 956 956 956 956 956 956 956 956 956 956 956 956 956 956 983 956 956 956 963 963 964 964 964 964 964 964 964 964 964 964 964 964 964 964 964 964 964 964 964 964 
964 964 964 964 964 964 964 964 964 964 964 964 964 964 964 964 964 964 964 964 965 965 957 957 957 956 956 956 956 956 956 956 956 982 956 956 956 956 956 956 956 956 956 956 956 956 956 956 956 956 956 956 956 956 956 956 956 956 956 956 956 956 956 956 956 956 956 956 956 956 956 956 956 956 983 956 956 956 963 963 964 964 964 964 964 964 964 964 964 964 964 964 964 964 964 964 964 964 964 964 
964 964 964 964 964 964 964 964 964 964 964 964 964 964 964 964 964 964 964 964 965 965 956 956 956 957 957 956 956 956 956 956 956 957 975 974 974 974 974 974 976 957 956 956 956 956 956 956 956 956 956 956 956 956 956 956 956 956 956 956 956 956 956 956 956 956 956 956 956 956 956 956 956 956 983 956 956 956 963 963 964 964 964 964 964 964 964 964 964 964 964 964 964 964 964 964 964 964 964 964 
964 964 964 964 964 964 964 964 964 964 964 964 964 964 964 964 964 964 964 964 965 965 956 956 956 956 956 957 957 956 956 956 956 956 956 956 956 958 958 958 956 981 956 957 956 956 956 956 956 956 956 956 956 956 956 956 956 956 956 956 956 956 956 956 956 956 956 956 956 956 956 956 956 956 983 956 956 956 963 963 964 964 964 964 964 964 964 964 964 964 964 964 964 964 964 964 964 964 964 964 
964 964 964 964 964 964 964 964 964 964 964 964 964 964 964 964 964 964 964 964 965 965 956 956 956 956 956 956 956 957 960 961 961 961 961 961 961 962 956 956 956 980 956 956 956 956 956 956 956 956 956 956 956 956 956 956 956 956 956 957 956 956 956 956 956 956 956 956 956 956 956 957 956 956 983 956 956 956 963 963 964 964 964 964 964 964 964 964 964 964 964 964 964 964 964 964 964 964 964 964 
964 964 964 964 964 964 964 964 964 964 964 964 964 964 964 964 964 964 964 964 965 965 956 956 956 956 956 956 956 956 963 964 964 964 964 964 964 965 956 956 956 980 956 956 956 956 956 956 956 956 956 956 956 956 956 956 956 956 956 956 957 956 956 956 956 956 956 956 956 956 957 956 956 956 983 956 956 956 963 963 964 964 964 964 964 964 964 964 964 964 964 964 964 964 964 964 964 964 964 964 
964 964 964 964 964 964 964 964 964 964 964 964 964 964 964 964 964 964 964 964 965 965 956 956 956 956 956 956 956 956 963 964 964 964 964 964 964 965 956 956 956 982 956 956 956 956 956 957 956 957 956 956 956 957 956 956 956 957 956 956 956 956 956 956 956 956 956 956 956 956 956 956 956 956 985 958 958 958 963 963 964 964 964 964 964 964 964 964 964 964 964 964 964 964 964 964 964 964 964 964 
964 964 964 964 964 964 964 964 964 964 964 964 964 964 964 964 964 964 964 970 968 965 956 956 956 956 956 956 956 956 963 964 964 964 964 964 964 965 956 956 956 957 975 974 974 974 974 974 974 976 956 975 974 974 974 974 974 974 976 957 975 974 974 974 976 957 975 974 974 974 974 974 974 976 957 956 956 956 963 963 964 964 964 964 964 964 964 964 964 964 964 964 964 964 964 964 964 964 964 964 
964 964 964 964 964 964 964 964 964 964 964 964 964 964 964 964 964 964 964 965 970 968 956 956 956 956 956 956 956 956 963 964 964 964 964 964 964 965 956 956 956 984 956 956 956 956 956 964 964 964 964 964 964 964 956 956 956 956 956 980 956 956 956 956 956 956 956 956 956 956 956 956 956 956 956 956 956 956 963 963 964 964 964 964 964 964 964 964 964 964 964 964 964 964 964 964 964 964 964 964 
964 964 964 964 964 964 964 964 964 964 964 964 964 964 964 964 964 964 964 965 965 956 956 956 956 956 956 956 956 956 966 967 967 967 967 967 967 968 957 957 957 957 957 957 957 957 957 963 964 964 964 964 964 965 957 957 957 957 957 957 957 957 957 957 957 957 957 957 957 957 957 957 957 957 957 957 957 957 963 963 964 964 964 964 964 964 964 964 964 964 964 964 964 964 964 964 964 964 964 964 
964 964 964 964 964 964 964 964 964 964 964 964 964 964 964 964 964 964 964 965 965 956 960 961 961 962 956 956 956 956 956 956 956 956 956 956 956 956 956 956 956 956 956 956 956 956 956 963 964 964 964 964 964 965 956 956 956 956 956 956 956 956 956 956 956 956 956 956 956 956 956 956 956 956 983 956 956 956 963 963 964 964 964 964 964 964 964 964 964 964 964 964 964 964 964 964 964 964 964 964 
964 964 964 964 964 964 964 964 964 964 964 964 964 964 964 964 964 964 964 965 965 974 963 964 964 965 978 979 957 978 977 977 977 977 977 977 977 977 977 977 977 977 977 977 977 977 979 966 967 967 973 967 967 968 978 977 977 977 977 977 979 957 978 977 977 977 977 977 977 977 977 977 977 979 957 956 956 956 963 963 964 964 964 964 964 964 964 964 964 964 964 964 964 964 964 964 964 964 964 964 
964 964 964 964 964 964 964 964 964 964 964 964 964 964 964 964 964 964 964 965 965 956 966 973 967 968 956 956 956 957 956 956 956 956 956 956 956 956 956 956 956 956 956 956 956 956 956 956 956 956 956 956 956 956 956 956 956 956 956 956 957 956 956 956 956 956 956 956 956 956 956 957 956 956 984 956 956 956 963 963 964 964 964 964 964 964 964 964 964 964 964 964 964 964 964 964 964 964 964 964 
964 964 964 964 964 964 964 964 964 964 964 964 964 964 964 964 964 964 964 965 965 956 956 956 956 981 956 956 956 956 956 956 956 956 956 956 956 956 956 956 956 956 956 956 957 956 956 956 956 956 956 956 956 956 956 956 956 956 956 956 956 956 956 956 956 956 956 956 957 956 956 956 956 956 983 956 956 956 963 963 964 964 964 964 964 964 964 964 964 964 964 964 964 964 964 964 964 964 964 964 
964 964 964 964 964 964 964 964 964 964 964 964 964 964 964 964 964 964 964 965 965 956 956 956 956 980 956 957 956 956 956 956 956 956 956 956 956 956 956 956 956 956 956 956 956 956 956 956 956 956 956 956 956 957 956 956 956 956 956 956 956 956 956 956 956 956 956 956 956 956 956 956 956 956 983 956 956 956 963 963 964 964 964 964 964 964 964 964 964 964 964 964 964 964 964 964 964 964 964 964 
964 964 964 964 964 964 964 964 964 964 964 964 964 964 964 964 964 964 964 965 965 956 956 956 956 980 956 956 956 956 956 956 956 956 956 956 956 956 956 956 956 956 956 956 956 956 956 956 956 956 956 956 956 956 956 956 956 956 956 956 956 956 956 956 956 956 956 956 956 956 956 956 956 957 983 956 956 956 963 963 964 964 964 964 964 964 964 964 964 964 964 964 964 964 964 964 964 964 964 964 
964 964 964 964 964 964 964 964 964 964 964 964 964 964 964 964 964 964 964 965 965 956 956 956 956 980 956 956 956 956 956 956 956 956 956 956 956 956 956 956 956 956 956 956 956 956 956 956 956 956 956 957 956 956 956 956 956 956 956 957 956 956 956 956 956 956 956 956 956 956 956 956 956 956 983 956 956 956 963 963 964 964 964 964 964 964 964 964 964 964 964 964 964 964 964 964 964 964 964 964 
964 964 964 964 964 964 964 964 964 964 964 964 964 964 964 964 964 964 964 965 965 956 956 956 956 980 956 956 956 956 956 956 956 956 956 956 956 956 956 956 957 956 956 956 956 956 956 956 956 956 956 956 956 956 956 956 956 956 956 956 956 956 956 956 956 956 956 956 956 957 956 956 956 956 983 956 956 956 963 963 964 964 964 964 964 964 964 964 964 964 964 964 964 964 964 964 964 964 964 964 
964 964 964 964 964 964 964 964 964 964 964 964 964 964 964 964 964 964 964 965 965 956 957 956 956 980 956 956 956 956 956 956 956 956 956 956 956 956 956 956 956 956 956 956 956 956 956 956 956 956 956 956 956 956 956 956 956 956 956 956 956 956 956 956 956 956 957 956 956 956 956 956 956 956 983 956 956 956 963 963 964 964 964 964 964 964 964 964 964 964 964 964 964 964 964 964 964 964 964 964 
964 964 964 964 964 964 964 964 964 964 964 964 964 964 964 964 964 964 964 965 965 956 956 956 956 980 956 956 956 956 956 956 956 956 956 956 956 956 956 956 956 956 956 956 956 956 956 956 956 957 956 956 956 956 956 956 956 956 956 956 956 956 956 956 956 956 956 956 956 956 956 956 956 956 983 956 956 956 963 963 964 964 964 964 964 964 964 964 964 964 964 964 964 964 964 964 964 964 964 964 
964 964 964 964 964 964 964 964 964 964 964 964 964 964 964 964 964 964 964 965 965 956 956 956 956 980 956 956 956 956 956 956 956 956 956 956 956 956 956 956 956 956 956 956 956 956 956 956 956 956 957 956 956 956 956 956 956 956 956 957 956 956 956 956 956 956 956 956 956 956 956 956 956 956 983 956 956 956 963 963 964 964 964 964 964 964 964 964 964 964 964 964 964 964 964 964 964 964 964 964 
964 964 964 964 964 964 964 964 964 964 964 964 964 964 964 964 964 964 964 965 965 956 956 956 956 980 956 956 956 956 956 956 956 956 956 956 956 956 956 956 956 956 957 956 956 956 956 956 956 956 956 956 956 956 956 956 956 956 956 956 956 956 956 956 956 956 956 956 956 956 956 956 957 956 983 956 956 956 963 963 964 964 964 964 964 964 964 964 964 964 964 964 964 964 964 964 964 964 964 964 
964 964 964 964 964 964 964 964 964 964 964 964 964 964 964 964 964 964 964 965 965 956 956 956 956 980 956 956 956 956 956 956 956 956 956 956 956 956 956 956 956 956 956 956 956 956 956 956 956 956 956 956 957 956 956 956 956 956 956 956 956 956 956 956 956 956 956 956 956 956 956 956 956 956 983 956 956 956 963 963 964 964 964 964 964 964 964 964 964 964 964 964 964 964 964 964 964 964 964 964 
964 964 964 964 964 964 964 964 964 964 964 964 964 964 964 964 964 964 964 965 965 956 956 956 956 982 957 956 956 956 956 956 956 956 956 956 956 956 956 956 956 956 956 956 956 956 956 956 956 956 956 956 956 956 956 956 956 956 956 956 956 956 956 956 956 956 956 956 957 956 956 956 956 956 983 956 956 956 963 963 964 964 964 964 964 964 964 964 964 964 964 964 964 964 964 964 964 964 964 964 
964 964 964 964 964 964 964 964 964 964 964 964 964 964 964 964 964 964 964 965 964 962 975 974 976 957 956 956 956 956 956 956 956 956 956 956 956 956 956 956 956 956 956 956 956 956 956 956 956 956 956 956 956 956 956 956 956 956 956 956 956 956 956 956 956 956 956 956 956 956 956 956 956 956 983 956 956 956 963 963 964 964 964 964 964 964 964 964 964 964 964 964 964 964 964 964 964 964 964 964 
964 964 964 964 964 964 964 964 964 964 964 964 964 964 964 964 964 964 964 964 962 965 956 956 956 981 956 956 956 956 956 956 956 956 956 956 956 956 956 956 956 957 956 956 956 956 956 956 956 956 956 956 956 956 956 956 956 956 956 956 956 956 956 956 956 956 956 956 956 956 956 956 956 956 983 956 956 956 963 963 964 964 964 964 964 964 964 964 964 964 964 964 964 964 964 964 964 964 964 964 
964 964 964 964 964 964 964 964 964 964 964 964 964 964 964 964 964 964 964 964 965 965 956 956 956 980 956 956 956 956 957 956 956 956 956 956 956 956 956 956 956 956 956 956 956 956 956 956 956 956 956 956 956 956 956 956 956 956 956 956 956 956 956 956 956 956 956 956 956 956 956 956 956 956 983 956 956 956 963 963 964 964 964 964 964 964 964 964 964 964 964 964 964 964 964 964 964 964 964 964 
964 964 964 964 964 964 964 964 964 964 964 964 964 964 964 964 964 964 964 964 965 965 956 956 956 980 956 956 956 956 956 956 956 956 956 956 956 956 956 956 956 956 956 956 956 956 956 956 956 956 956 956 956 956 956 956 956 956 956 956 956 956 956 956 956 956 956 956 956 956 956 956 956 956 983 956 956 956 963 963 964 964 964 964 964 964 964 964 964 964 964 964 964 964 964 964 964 964 964 964 
964 964 964 964 964 964 964 964 964 964 964 964 964 964 964 964 964 964 964 964 965 965 956 956 956 980 956 956 956 956 956 956 956 956 956 956 956 956 956 956 956 956 956 956 956 956 956 956 956 956 956 956 956 956 956 956 956 956 956 956 956 956 956 956 956 956 956 956 956 956 956 956 956 956 983 956 956 956 963 963 964 964 964 964 964 964 964 964 964 964 964 964 964 964 964 964 964 964 964 964 
964 964 964 964 964 964 964 964 964 964 964 964 964 964 964 964 964 964 964 964 965 965 956 956 956 980 956 956 956 956 956 956 956 956 956 956 956 956 956 956 956 956 956 956 956 956 956 956 956 956 956 956 956 956 956 956 956 956 956 956 956 956 956 956 956 956 956 956 956 956 956 956 956 956 983 956 956 956 963 963 964 964 964 964 964 964 964 964 964 964 964 964 964 964 964 964 964 964 964 964 
964 964 964 964 964 964 964 964 964 964 964 964 964 964 964 964 964 964 964 964 965 965 956 956 956 980 956 956 956 956 956 956 956 956 956 956 956 956 956 956 956 956 956 956 956 956 956 956 956 956 956 956 956 956 956 956 956 956 956 956 956 956 956 956 956 956 956 957 956 956 956 956 956 956 983 956 956 956 963 963 964 964 964 964 964 964 964 964 964 964 964 964 964 964 964 964 964 964 964 964 
964 964 964 964 964 964 964 964 964 964 964 964 964 964 964 964 964 964 964 964 965 965 956 956 956 980 956 956 956 956 956 956 956 956 956 956 956 956 956 956 956 956 956 956 956 956 956 956 956 956 956 956 956 956 957 956 956 956 956 956 956 956 956 956 956 956 956 956 956 956 956 957 956 956 983 956 956 956 963 963 964 964 964 964 964 964 964 964 964 964 964 964 964 964 964 964 964 964 964 964 
964 964 964 964 964 964 964 964 964 964 964 964 964 964 964 964 964 964 964 964 965 965 956 956 956 980 956 956 956 956 956 956 956 956 956 956 956 956 956 956 956 956 956 956 956 956 956 956 956 957 956 956 956 956 956 956 956 956 956 956 956 956 956 956 956 956 956 956 956 956 956 956 956 956 983 956 956 956 963 963 964 964 964 964 964 964 964 964 964 964 964 964 964 964 964 964 964 964 964 964 
964 964 964 964 964 964 964 964 964 964 964 964 964 964 964 964 964 964 964 964 965 965 956 956 956 980 956 956 956 956 956 956 956 956 956 956 956 956 956 956 956 956 956 957 956 956 956 956 956 956 956 956 956 956 956 956 956 956 956 956 956 956 956 956 956 956 956 956 956 956 956 956 956 956 983 956 956 956 963 963 964 964 964 964 964 964 964 964 964 964 964 964 964 964 964 964 964 964 964 964 
964 964 964 964 964 964 964 964 964 964 964 964 964 964 964 964 964 964 964 964 965 965 956 956 956 980 956 956 956 956 956 956 956 956 956 956 956 956 956 956 956 956 956 956 956 956 956 956 956 956 956 956 956 956 956 956 956 956 956 956 956 956 956 956 956 956 956 956 956 956 956 956 956 956 983 956 956 956 963 963 964 964 964 964 964 964 964 964 964 964 964 964 964 964 964 964 964 964 964 964 
964 964 964 964 964 964 964 964 964 964 964 964 964 964 964 964 964 964 964 964 965 965 956 956 956 980 956 956 956 956 956 956 956 956 956 956 956 956 956 956 956 956 956 956 956 956 956 956 956 956 956 956 956 956 956 956 956 956 956 956 956 956 957 956 956 956 956 956 956 956 956 956 956 956 983 956 956 956 963 963 964 964 964 964 964 964 964 964 964 964 964 964 964 964 964 964 964 964 964 964 
964 964 964 964 964 964 964 964 964 964 964 964 964 964 964 964 964 964 964 964 965 965 956 956 956 980 957 956 956 956 956 956 956 956 956 956 956 956 956 956 956 956 956 956 956 956 956 956 956 956 956 956 956 957 956 956 956 956 956 956 956 956 956 956 956 956 956 956 956 956 956 956 956 956 983 956 956 956 963 963 964 964 964 964 964 964 964 964 964 964 964 964 964 964 964 964 964 964 964 964 
964 964 964 964 964 964 964 964 964 964 964 964 964 964 964 964 964 964 964 964 965 965 956 956 956 980 956 956 956 956 956 956 956 956 956 956 956 956 956 956 957 956 956 956 956 956 956 956 956 956 956 956 956 956 956 956 956 956 956 956 956 956 956 956 956 956 956 956 957 956 956 956 956 956 983 956 956 956 963 963 964 964 964 964 964 964 964 964 964 964 964 964 964 964 964 964 964 964 964 964 
964 964 964 964 964 964 964 964 964 964 964 964 964 964 964 964 964 964 964 964 965 965 956 956 956 982 956 956 956 956 956 956 956 956 956 956 956 956 956 956 956 956 956 956 956 956 956 956 957 956 956 956 956 956 956 956 956 956 956 956 956 956 956 956 956 956 956 956 956 956 956 956 956 956 985 956 956 956 963 963 964 964 964 964 964 964 964 964 964 964 964 964 964 964 964 964 964 964 964 964 
964 964 964 964 964 964 964 964 964 964 964 964 964 964 964 964 964 964 964 964 965 965 956 956 956 957 975 974 974 974 974 974 974 974 974 974 974 974 974 974 974 974 974 974 974 974 974 974 974 976 956 975 974 974 974 974 974 974 974 974 974 974 974 974 974 974 976 957 975 974 974 974 974 976 957 975 974 976 963 963 964 964 964 964 964 964 964 964 964 964 964 964 964 964 964 964 964 964 964 964 
964 964 964 964 964 964 964 964 964 964 964 964 964 964 964 964 964 964 964 964 965 965 956 956 956 956 956 956 956 956 956 956 956 956 956 956 956 956 956 956 956 956 956 956 956 956 958 958 958 958 958 958 958 958 958 956 956 956 956 956 956 956 956 956 956 956 956 956 956 956 956 956 956 956 956 956 956 956 963 963 964 964 964 964 964 964 964 964 964 964 964 964 964 964 964 964 964 964 964 964 
964 964 964 964 964 964 964 964 964 964 964 964 964 964 964 964 964 964 964 964 965 965 956 956 956 956 956 956 956 956 956 956 956 956 956 956 956 956 956 956 956 956 956 956 956 956 958 958 958 958 958 958 958 958 958 956 956 956 956 956 956 956 956 956 956 956 956 956 956 956 956 956 956 956 956 956 956 956 963 963 964 964 964 964 964 964 964 964 964 964 964 964 964 964 964 964 964 964 964 964 
964 964 964 964 964 964 964 964 964 964 964 964 964 964 964 964 964 964 964 964 965 965 956 956 956 956 956 956 956 956 956 956 956 956 956 956 956 956 956 956 956 956 956 956 956 956 958 958 958 958 958 958 958 958 958 956 956 956 956 956 956 956 956 956 956 956 956 956 956 956 956 956 956 956 956 956 956 956 963 963 964 964 964 964 964 964 964 964 964 964 964 964 964 964 964 964 964 964 964 964 
964 964 964 964 964 964 964 964 964 964 964 964 964 964 964 964 964 964 964 964 965 965 956 956 956 956 956 956 956 956 956 956 956 956 956 956 956 956 956 956 956 956 956 956 956 956 958 958 958 958 958 958 958 958 958 960 961 961 961 961 961 961 961 961 961 961 961 961 961 961 961 961 961 961 961 961 961 961 961 963 964 964 964 964 964 964 964 964 964 964 964 964 964 964 964 964 964 964 964 964 
964 964 964 964 964 964 964 964 964 964 964 964 964 964 964 964 964 964 964 964 965 965 961 961 961 961 961 961 961 961 961 961 961 961 961 961 961 961 961 961 961 961 961 961 961 961 961 961 961 961 961 961 961 961 961 963 964 964 964 964 964 964 964 964 964 964 964 964 964 964 964 964 964 964 964 964 964 964 964 963 964 964 964 964 964 964 964 964 964 964 964 964 964 964 964 964 964 964 964 964 
964 964 964 964 964 964 964 964 964 964 964 964 964 964 964 964 964 964 964 964 965 965 964 964 964 964 964 964 964 964 964 964 964 964 964 964 964 964 964 964 964 964 964 964 964 964 964 964 964 964 964 964 964 964 964 963 964 964 964 964 964 964 964 964 964 964 964 964 964 964 964 964 964 964 964 964 964 964 964 963 964 964 964 964 964 964 964 964 964 964 964 964 964 964 964 964 964 964 964 964 
964 964 964 964 964 964 964 964 964 964 964 964 964 964 964 964 964 964 964 964 965 965 961 961 961 961 961 961 961 961 961 961 961 961 961 961 961 961 961 961 961 961 961 961 961 961 961 961 961 961 961 961 961 961 962 963 964 964 964 964 964 964 964 964 964 964 964 964 964 964 964 964 964 964 964 964 964 964 964 963 964 964 964 964 964 964 964 964 964 964 964 964 964 964 964 964 964 964 964 964 
964 964 964 964 964 964 964 964 964 964 964 964 964 964 964 964 964 964 964 964 965 965 964 964 964 964 964 964 964 964 964 964 964 964 964 964 964 964 964 964 964 964 964 964 964 964 964 964 964 964 964 964 964 964 965 963 964 964 964 964 964 964 964 964 964 964 964 964 964 964 964 964 964 964 964 964 964 964 964 963 964 964 964 964 964 964 964 964 964 964 964 964 964 964 964 964 964 964 964 964 
964 964 964 964 964 964 964 964 964 964 964 964 964 964 964 964 964 964 964 964 965 965 964 964 964 964 964 964 964 964 964 964 964 964 964 964 964 964 964 964 964 964 964 964 964 964 964 964 964 964 964 964 964 964 965 963 964 964 964 964 964 964 964 964 964 964 964 964 964 964 964 964 964 964 964 964 964 964 964 963 964 964 964 964 964 964 964 964 964 964 964 964 964 964 964 964 964 964 964 964 
964 964 964 964 964 964 964 964 964 964 964 964 964 964 964 964 964 964 964 964 965 965 964 964 964 964 964 964 964 964 964 964 964 964 964 964 964 964 964 964 964 964 964 964 964 964 964 964 964 964 964 964 964 964 965 963 964 964 964 964 964 964 964 964 964 964 964 964 964 964 964 964 964 964 964 964 964 964 964 963 964 964 964 964 964 964 964 964 964 964 964 964 964 964 964 964 964 964 964 964 
964 964 964 964 964 964 964 964 964 964 964 964 964 964 964 964 964 964 964 964 965 965 964 964 964 964 964 964 964 964 964 964 964 964 964 964 964 964 964 964 964 964 964 964 964 964 964 964 964 964 964 964 964 964 965 963 964 964 964 964 964 964 964 964 964 964 964 964 964 964 964 964 964 964 964 964 964 964 964 963 964 964 964 964 964 964 964 964 964 964 964 964 964 964 964 964 964 964 964 964 
964 964 964 964 964 964 964 964 964 964 964 964 964 964 964 964 964 964 964 964 965 965 964 964 964 964 964 964 964 964 964 964 964 964 964 964 964 964 964 964 964 964 964 964 964 964 964 964 964 964 964 964 964 964 965 963 964 964 964 964 964 964 964 964 964 964 964 964 964 964 964 964 964 964 964 964 964 964 964 963 964 964 964 964 964 964 964 964 964 964 964 964 964 964 964 964 964 964 964 964 
964 964 964 964 964 964 964 964 964 964 964 964 964 964 964 964 964 964 964 964 965 965 964 964 964 964 964 964 964 964 964 964 964 964 964 964 964 964 964 964 964 964 964 964 964 964 964 964 964 964 964 964 964 964 965 963 964 964 964 964 964 964 964 964 964 964 964 964 964 964 964 964 964 964 964 964 964 964 964 963 964 964 964 964 964 964 964 964 964 964 964 964 964 964 964 964 964 964 964 964 
964 964 964 964 964 964 964 964 964 964 964 964 964 964 964 964 964 964 964 964 965 965 964 964 964 964 964 964 964 964 964 964 964 964 964 964 964 964 964 964 964 964 964 964 964 964 964 964 964 964 964 964 964 964 965 963 964 964 964 964 964 964 964 964 964 964 964 964 964 964 964 964 964 964 964 964 964 964 964 963 964 964 964 964 964 964 964 964 964 964 964 964 964 964 964 964 964 964 964 964 
964 964 964 964 964 964 964 964 964 964 964 964 964 964 964 964 964 964 964 964 965 965 964 964 964 964 964 964 964 964 964 964 964 964 964 964 964 964 964 964 964 964 964 964 964 964 964 964 964 964 964 964 964 964 965 963 964 964 964 964 964 964 964 964 964 964 964 964 964 964 964 964 964 964 964 964 964 964 964 963 964 964 964 964 964 964 964 964 964 964 964 964 964 964 964 964 964 964 964 964 
964 964 964 964 964 964 964 964 964 964 964 964 964 964 964 964 964 964 964 964 965 965 964 964 964 964 964 964 964 964 964 964 964 964 964 964 964 964 964 964 964 964 964 964 964 964 964 964 964 964 964 964 964 964 965 963 964 964 964 964 964 964 964 964 964 964 964 964 964 964 964 964 964 964 964 964 964 964 964 963 964 964 964 964 964 964 964 964 964 964 964 964 964 964 964 964 964 964 964 964 
