964 964 964 964 964 964 964 964 964 964 964 964 964 964 964 964 964 964 964 964 964 964 964 964 964 964 964 964 964 964 964 964 964 964 964 964 964 964 964 964 964 964 964 964 964 964 964 964 964 964 964 964 964 964 964 964 964 964 964 964 964 964 964 964 964 964 964 964 964 964 964 964 964 964 964 964 964 964 964 964 964 964 964 964 964 964 964 964 964 964 964 964 964 964 964 964 964 964 964 964 
964 964 964 964 964 964 964 964 964 964 964 964 964 964 964 964 964 964 964 964 964 964 964 964 964 964 964 964 964 964 964 964 964 964 964 964 964 964 964 964 964 964 964 964 964 964 964 964 964 964 964 964 964 964 964 964 964 964 964 964 964 964 964 964 964 964 964 964 964 964 964 964 964 964 964 964 964 964 964 964 964 964 964 964 964 964 964 964 964 964 964 964 964 964 964 964 964 964 964 964 
964 964 964 964 964 964 964 964 964 964 964 964 964 964 964 964 964 964 964 964 964 964 964 964 964 964 964 964 964 964 964 964 964 964 964 964 964 964 964 964 964 964 964 964 964 964 964 964 964 964 964 964 964 964 964 964 964 964 964 964 964 964 964 964 964 964 964 964 964 964 964 964 964 964 964 964 964 964 964 964 964 964 964 964 964 964 964 964 964 964 964 964 964 964 964 964 964 964 964 964 
964 964 964 964 964 964 964 964 964 964 964 964 964 964 964 964 964 964 964 964 964 964 964 964 964 964 964 964 964 964 964 964 964 964 964 964 964 964 964 964 964 964 964 964 964 964 964 964 964 964 964 964 964 964 964 964 964 964 964 964 964 964 964 964 964 964 964 964 964 964 964 964 964 964 964 964 964 964 964 964 964 964 964 964 964 964 964 964 964 964 964 964 964 964 964 964 964 964 964 964 
964 964 964 964 964 964 964 964 964 964 964 964 964 964 964 964 964 964 964 964 964 964 964 964 964 964 964 964 964 964 964 964 964 964 964 964 964 964 964 964 964 964 964 964 964 964 964 964 964 964 964 964 964 964 964 964 964 964 964 964 964 964 964 964 964 964 964 964 964 964 964 964 964 964 964 964 964 964 964 964 964 964 964 964 964 964 964 964 964 964 964 964 964 964 964 964 964 964 964 964 
964 964 964 964 964 964 964 964 964 964 964 964 964 964 964 964 964 964 964 964 964 964 964 964 964 964 964 964 964 964 964 964 964 964 964 964 964 964 964 964 964 964 964 964 964 964 964 964 964 964 964 964 964 964 964 964 964 964 964 964 964 964 964 964 964 964 964 964 964 964 964 964 964 964 964 964 964 964 964 964 964 964 964 964 964 964 964 964 964 964 964 964 964 964 964 964 964 964 964 964 
964 964 964 964 964 964 964 964 964 964 964 964 964 964 964 964 964 964 964 964 964 964 964 964 964 964 964 964 964 964 964 964 964 964 964 964 964 964 964 964 964 964 964 964 964 964 964 964 964 964 964 964 964 964 964 964 964 964 964 964 964 964 964 964 964 964 964 964 964 964 964 964 964 964 964 964 964 964 964 964 964 964 964 964 964 964 964 964 964 964 964 964 964 964 964 964 964 964 964 964 
964 964 964 964 964 964 964 964 964 964 964 964 964 964 964 964 964 964 964 964 964 964 964 964 964 964 964 964 964 964 964 964 964 964 964 964 964 964 964 964 964 964 964 964 964 964 964 964 964 964 964 964 964 964 964 964 964 964 964 964 964 964 964 964 964 964 964 964 964 964 964 964 964 964 964 964 964 964 964 964 964 964 964 964 964 964 964 964 964 964 964 964 964 964 964 964 964 964 964 964 
964 964 964 964 964 964 964 964 964 964 964 964 964 964 964 964 964 964 964 964 964 964 964 964 964 964 964 964 964 964 964 964 964 964 964 964 964 964 964 964 964 964 964 964 964 964 964 964 964 964 964 964 964 964 964 964 964 964 964 964 964 964 964 964 964 964 964 964 964 964 964 964 964 964 964 964 964 964 964 964 964 964 964 964 964 964 964 964 964 964 964 964 964 964 964 964 964 964 964 964 
964 964 964 964 964 964 964 964 964 964 964 964 964 964 964 964 964 964 964 964 964 964 964 964 964 964 964 964 964 964 964 964 964 964 964 964 964 964 964 964 964 964 964 964 964 964 964 964 964 964 964 964 964 964 964 964 964 964 964 964 964 964 964 964 964 964 964 964 964 964 964 964 964 964 964 964 964 964 964 964 964 964 964 964 964 964 964 964 964 964 964 964 964 964 964 964 964 964 964 964 
964 964 964 964 964 964 964 964 964 964 964 964 964 964 964 964 964 964 964 964 964 964 964 964 964 964 964 964 964 964 964 964 964 964 964 964 964 964 964 964 964 964 964 964 964 964 964 964 964 964 964 964 964 964 964 964 964 964 964 964 964 964 964 964 964 964 964 964 964 964 964 964 964 964 964 964 964 964 964 964 964 964 964 964 964 964 964 964 964 964 964 964 964 964 964 964 964 964 964 964 
964 964 964 964 964 964 964 964 964 964 964 964 964 964 964 964 964 964 964 964 964 964 964 964 964 964 964 964 964 964 964 964 964 964 964 964 964 964 964 964 964 964 964 964 964 964 964 964 964 964 964 964 964 964 964 964 964 964 964 964 964 964 964 964 964 964 964 964 964 964 964 964 964 964 964 964 964 964 964 964 964 964 964 964 964 964 964 964 964 964 964 964 964 964 964 964 964 964 964 964 
964 964 964 964 964 964 964 964 964 964 964 964 964 964 964 964 964 964 964 964 964 964 964 964 964 964 964 964 964 964 964 964 964 964 964 964 964 964 964 964 964 964 964 964 964 964 964 964 964 964 964 964 964 964 964 964 964 964 964 964 964 964 964 964 964 964 964 964 964 964 964 964 964 964 964 964 964 964 964 964 964 964 964 964 964 964 964 964 964 964 964 964 964 964 964 964 964 964 964 964 
964 964 964 964 964 964 964 964 964 964 964 964 964 964 964 964 964 964 964 964 964 964 964 964 964 964 964 964 964 964 964 964 964 964 964 964 964 964 964 964 964 964 964 964 964 964 964 964 964 964 964 964 964 964 964 964 964 964 964 964 964 964 964 964 964 964 964 964 964 964 964 964 964 964 964 964 964 964 964 964 964 964 964 964 964 964 964 964 964 964 964 964 964 964 964 964 964 964 964 964 
964 964 964 964 964 964 964 964 964 964 964 964 964 964 964 964 964 964 964 964 964 964 964 964 964 964 964 964 964 964 964 964 964 964 964 964 964 964 964 964 964 964 964 964 964 964 964 964 964 964 964 964 964 964 964 964 964 964 964 964 964 964 964 964 964 964 964 964 964 964 964 964 964 964 964 964 964 964 964 964 964 964 964 964 964 964 964 964 964 964 964 964 964 964 964 964 964 964 964 964 
964 964 964 964 964 964 964 964 964 964 964 964 964 964 964 964 964 964 964 964 964 964 964 964 964 964 964 964 964 964 964 964 964 964 964 964 964 964 964 964 964 964 964 964 964 964 964 964 964 964 964 964 964 964 964 964 964 964 964 964 964 964 964 964 964 964 964 964 964 964 964 964 964 964 964 964 964 964 964 964 964 964 964 964 964 964 964 964 964 964 964 964 964 964 964 964 964 964 964 964 
964 964 964 964 964 964 964 964 964 964 964 964 964 964 964 964 964 964 964 964 964 964 964 964 964 964 964 964 964 964 964 964 964 964 964 964 964 964 964 964 964 964 964 964 964 964 964 964 964 964 964 964 964 964 964 964 964 964 964 964 964 964 964 964 964 964 964 964 964 964 964 964 964 964 964 964 964 964 964 964 964 964 964 964 964 964 964 964 964 964 964 964 964 964 964 964 964 964 964 964 
964 964 964 964 964 964 964 964 964 964 964 964 964 964 964 964 964 964 964 964 964 964 964 964 964 964 964 964 964 964 964 964 964 964 964 964 964 964 964 964 964 964 964 964 964 964 964 964 964 964 964 964 964 964 964 964 964 964 964 964 964 964 964 964 964 964 964 964 964 964 964 964 964 964 964 964 964 964 964 964 964 964 964 964 964 964 964 964 964 964 964 964 964 964 964 964 964 964 964 964 
964 964 964 964 964 964 964 964 964 964 964 964 964 964 964 964 964 964 964 964 964 964 964 964 964 964 964 964 964 964 964 964 964 964 964 964 964 964 964 964 964 964 964 964 964 964 964 964 964 964 964 964 964 964 964 964 964 964 964 964 964 964 964 964 964 964 964 964 964 964 964 964 964 964 964 964 964 964 964 964 964 964 964 964 964 964 964 964 964 964 964 964 964 964 964 964 964 964 964 964 
964 964 964 964 964 964 964 964 964 964 964 964 964 964 964 964 964 964 964 964 964 964 964 964 964 964 964 964 964 964 964 964 964 964 964 964 964 964 964 964 964 964 964 964 964 964 964 964 964 964 964 964 964 964 964 964 964 964 964 964 964 964 964 964 964 964 964 964 964 964 964 964 964 964 964 964 964 964 964 964 964 964 964 964 964 964 964 964 964 964 964 964 964 964 964 964 964 964 964 964 
964 964 964 964 964 964 964 964 964 964 964 964 964 964 964 964 964 964 964 964 964 964 964 964 964 964 964 964 964 964 964 964 964 964 964 964 964 964 964 964 964 964 964 964 964 964 964 964 964 964 964 964 964 964 964 964 964 964 964 964 964 964 964 964 964 964 964 964 964 964 964 964 964 964 964 964 964 964 964 964 964 964 964 964 964 964 964 964 964 964 964 964 964 964 964 964 964 964 964 964 
964 964 964 964 964 964 964 964 964 964 964 964 964 964 964 964 964 964 964 964 964 964 964 964 964 964 964 964 964 964 964 964 964 964 964 964 964 964 964 964 964 964 964 964 964 964 964 964 964 964 964 964 964 964 964 964 964 964 964 964 964 964 964 964 964 964 964 964 964 964 964 964 964 964 964 964 964 964 964 964 964 964 964 964 964 964 964 964 964 964 964 964 964 964 964 964 964 964 964 964 
964 964 964 964 964 964 964 964 964 964 964 964 964 964 964 964 964 964 964 964 964 964 964 964 964 964 964 964 964 964 964 964 964 964 964 964 964 964 964 964 964 964 964 964 964 964 964 964 964 964 964 964 964 964 964 964 964 964 964 964 964 964 964 964 964 964 964 964 964 964 964 964 964 964 964 964 964 964 964 964 964 964 964 964 964 964 964 964 964 964 964 964 964 964 964 964 964 964 964 964 
964 964 964 964 964 964 964 964 964 964 964 964 964 964 964 964 964 964 964 964 964 964 964 964 964 964 964 964 964 964 964 964 964 964 964 964 964 964 964 964 964 964 964 964 964 964 964 964 964 964 964 964 964 964 964 964 964 964 964 964 964 964 964 964 964 964 964 964 964 964 964 964 964 964 964 964 964 964 964 964 964 964 964 964 964 964 964 964 964 964 964 964 964 964 964 964 964 964 964 964 
964 964 964 964 964 964 964 964 964 964 964 964 964 964 964 964 964 964 964 964 964 964 964 964 964 964 964 964 964 964 964 964 964 964 964 964 964 964 964 964 964 964 964 964 964 964 964 964 964 964 964 964 964 964 964 964 964 964 964 964 964 964 964 964 964 964 964 964 964 964 964 964 964 964 964 964 964 964 964 964 964 964 964 964 964 964 964 964 964 964 964 964 964 964 964 964 964 964 964 964 
964 964 964 964 964 964 964 964 964 964 964 964 964 964 964 964 964 964 964 964 964 964 964 964 964 964 964 964 964 964 964 964 964 964 964 964 964 964 964 964 964 964 964 964 964 964 964 964 964 964 964 964 964 964 964 964 964 964 964 964 964 964 964 964 964 964 964 964 964 964 964 964 964 964 964 964 964 964 964 964 964 964 964 964 964 964 964 964 964 964 964 964 964 964 964 964 964 964 964 964 
964 964 964 964 964 964 964 964 964 964 964 964 964 964 964 964 964 964 964 964 964 964 964 964 964 964 964 964 964 964 964 964 964 964 964 964 964 964 964 964 964 964 964 964 964 964 964 964 964 964 964 964 964 964 964 964 964 964 964 964 964 964 964 964 964 964 964 970 967 967 967 971 964 964 964 964 964 964 964 964 964 964 964 964 964 964 964 964 964 964 964 964 964 964 964 964 964 964 964 964 
964 964 964 964 964 964 964 964 964 964 964 964 964 964 964 964 964 964 964 964 964 964 964 964 964 964 964 964 964 964 964 964 964 964 964 964 964 964 964 964 964 964 964 964 964 964 964 964 964 964 964 964 964 964 964 964 964 964 970 967 967 967 967 967 967 967 967 968 958 958 958 966 967 967 967 967 967 967 967 967 967 967 967 971 964 964 964 964 964 964 964 964 964 964 964 964 964 964 964 964 
964 964 964 964 964 964 964 964 964 964 964 964 964 964 964 964 964 964 964 964 964 964 964 964 964 964 964 964 964 964 964 964 964 964 964 964 964 964 964 964 964 964 964 964 964 964 964 964 964 964 964 964 964 964 964 964 964 964 965 956 956 956 958 958 958 958 958 958 958 936 958 958 958 958 958 958 958 958 963 964 964 964 964 963 964 964 964 964 964 964 964 964 964 964 964 964 964 964 964 964 
964 964 964 964 964 964 964 964 964 964 964 964 964 964 964 964 964 964 964 964 964 964 964 964 964 964 964 964 964 964 964 964 964 964 964 964 964 964 964 964 964 964 964 964 964 964 964 964 964 964 970 967 967 967 967 967 967 967 968 956 956 956 958 958 958 958 958 958 936 936 936 958 958 958 958 958 958 958 966 967 967 971 964 963 964 964 964 964 964 964 964 964 964 964 964 964 964 964 964 964 
964 964 964 964 964 964 964 964 964 964 964 964 964 964 964 964 964 964 964 964 964 964 964 964 964 964 964 964 964 964 964 964 964 964 964 964 964 964 964 964 964 964 964 964 964 964 964 964 964 964 965 958 958 958 959 956 956 956 956 957 956 956 956 958 958 958 958 958 958 936 958 958 958 958 958 958 956 956 956 956 956 963 964 963 964 964 964 964 964 964 964 964 964 964 964 964 964 964 964 964 
964 964 964 964 964 964 964 964 964 964 964 964 964 964 964 964 964 964 964 964 964 964 964 964 964 964 964 964 964 964 964 964 964 964 964 964 964 964 964 964 964 964 964 970 967 967 967 967 967 967 968 958 958 956 956 956 956 956 957 956 956 956 956 956 958 958 958 958 958 958 958 958 958 958 958 956 957 957 957 957 957 963 964 963 964 964 964 964 964 964 964 964 964 964 964 964 964 964 964 964 
964 964 964 964 964 964 964 964 964 964 964 964 964 964 964 964 964 964 964 964 964 964 964 964 964 964 964 964 964 964 964 964 964 964 964 964 964 964 964 964 964 964 964 965 958 958 958 956 981 956 956 956 956 956 956 956 956 956 956 956 956 956 956 956 956 958 958 958 958 958 958 957 975 974 974 976 956 956 956 956 956 963 964 963 964 964 964 964 964 964 964 964 964 964 964 964 964 964 964 964 
964 964 964 964 964 964 964 964 964 964 964 964 964 964 964 964 964 964 964 964 964 964 964 964 964 964 964 964 964 964 964 964 964 964 964 964 964 964 964 964 964 964 964 965 958 958 956 956 980 956 956 956 956 956 956 957 956 956 956 956 956 956 956 956 956 956 958 958 958 958 957 956 956 956 956 956 956 956 956 956 956 963 964 963 964 964 964 964 964 964 964 964 964 964 964 964 964 964 964 964 
964 964 964 964 964 964 964 964 964 964 964 964 964 964 964 964 964 964 964 964 964 964 964 964 964 964 964 964 964 964 964 964 964 964 964 964 964 964 964 970 967 967 967 968 958 958 956 956 980 956 956 956 956 957 956 956 956 956 957 956 956 956 956 956 956 956 956 956 956 956 956 956 957 956 956 956 956 956 956 956 956 966 971 963 964 964 964 964 964 964 964 964 964 964 964 964 964 964 964 964 
964 964 964 964 964 964 964 964 964 964 964 964 964 964 964 964 964 964 964 964 964 964 964 964 964 964 964 964 964 964 964 964 964 964 964 964 964 964 964 965 958 958 958 958 958 958 956 956 980 956 956 956 956 956 956 956 956 957 956 956 956 956 956 956 956 956 956 956 956 956 956 956 956 956 956 956 960 961 961 961 961 962 963 963 964 964 964 964 964 964 964 964 964 964 964 964 964 964 964 964 
964 964 964 964 964 964 964 964 964 964 964 964 964 964 964 964 964 964 964 964 964 964 964 964 964 964 964 964 964 964 964 964 964 964 964 964 964 964 964 965 958 958 958 958 958 956 956 956 980 956 956 956 956 956 957 956 956 956 956 956 956 956 956 956 956 956 956 956 956 956 956 956 956 956 956 956 963 964 964 964 964 965 963 963 964 964 964 964 964 964 964 964 964 964 964 964 964 964 964 964 
964 964 964 964 964 964 964 964 964 964 964 964 964 964 964 964 964 964 964 964 964 964 964 964 964 964 964 964 964 964 964 964 964 964 970 967 967 967 967 968 958 958 958 958 958 956 956 956 980 956 956 956 956 956 956 956 957 956 956 956 956 956 956 956 956 956 956 956 956 956 956 956 956 956 956 956 963 964 964 964 964 965 963 963 964 964 964 964 964 964 964 964 964 964 964 964 964 964 964 964 
964 964 964 964 964 964 964 964 964 964 964 964 964 964 964 964 964 964 964 964 964 964 964 964 964 964 964 964 964 964 964 964 964 964 965 958 958 958 958 958 958 958 958 958 956 956 956 956 980 956 956 956 956 956 956 956 956 956 956 956 956 956 956 956 956 956 956 956 956 956 956 956 956 956 956 956 963 964 964 964 964 965 963 963 964 964 964 964 964 964 964 964 964 964 964 964 964 964 964 964 
964 964 964 964 964 964 964 964 964 964 964 964 964 964 964 964 964 964 964 964 964 964 964 964 964 964 964 964 964 964 964 964 964 964 965 956 956 956 956 956 956 956 956 956 956 956 956 956 980 956 956 956 956 957 957 957 957 957 957 957 957 956 956 956 956 981 956 958 958 958 958 956 959 959 959 959 966 967 973 967 967 968 963 963 964 964 964 964 964 964 964 964 964 964 964 964 964 964 964 964 
964 964 964 964 964 964 964 964 964 964 964 964 964 964 964 964 964 964 964 964 964 964 964 964 964 964 964 964 964 964 970 967 967 967 968 956 956 956 956 956 956 956 956 956 956 956 956 956 982 956 956 956 956 956 956 956 956 956 956 956 956 956 956 956 956 982 956 956 956 956 956 956 956 956 956 958 958 959 956 959 959 959 963 963 964 964 964 964 964 964 964 964 964 964 964 964 964 964 964 964 
964 964 964 964 964 964 964 964 964 964 964 964 964 964 964 964 964 964 964 964 964 964 964 964 964 964 964 964 964 964 965 958 958 958 958 956 956 959 958 958 958 958 958 959 959 959 959 958 957 957 957 959 959 958 958 958 959 958 958 958 958 959 959 959 959 958 956 957 957 957 958 956 959 958 958 958 958 959 956 956 956 956 963 963 964 964 964 964 964 964 964 964 964 964 964 964 964 964 964 964 
964 964 964 964 964 964 964 964 964 964 964 964 964 964 964 964 964 964 964 964 964 964 964 964 964 964 964 964 964 964 965 958 958 958 958 956 956 958 958 959 959 958 958 958 958 958 958 958 956 956 956 958 959 958 959 958 959 958 959 958 959 958 958 959 958 956 957 956 956 956 956 956 956 956 958 958 958 957 978 979 957 956 963 963 964 964 964 964 964 964 964 964 964 964 964 964 964 964 964 964 
964 964 964 964 964 964 964 964 964 964 964 964 964 964 964 964 964 964 964 964 964 964 964 964 964 964 964 964 964 964 965 959 959 959 959 956 956 958 959 958 958 958 958 958 958 958 958 959 956 959 958 958 958 958 959 958 959 958 959 958 959 958 958 959 958 958 959 958 958 958 957 956 957 958 958 959 958 956 956 956 957 956 963 963 964 964 964 964 964 964 964 964 964 964 964 964 964 964 964 964 
964 964 964 964 964 964 964 964 964 964 964 964 964 964 964 964 964 964 964 964 964 964 964 964 964 964 964 964 964 964 965 958 958 958 958 956 956 958 958 958 959 958 959 959 959 959 959 959 956 959 958 959 959 958 958 958 959 958 959 958 958 958 958 959 959 959 959 958 959 958 956 956 959 959 959 959 959 956 956 956 984 956 963 963 964 964 964 964 964 964 964 964 964 964 964 964 964 964 964 964 
964 964 964 964 964 964 964 964 964 964 964 964 964 964 964 964 964 964 964 964 964 964 964 964 964 964 964 964 964 964 965 958 958 958 958 956 956 959 959 959 958 958 959 958 958 958 958 959 977 959 958 958 958 958 959 958 959 958 959 958 958 958 958 958 958 958 959 958 959 959 959 959 959 958 958 958 958 956 956 956 985 956 963 963 964 964 964 964 964 964 964 964 964 964 964 964 964 964 964 964 
964 964 964 964 964 964 964 964 964 964 964 964 964 964 964 964 964 964 964 964 964 964 964 964 964 964 964 964 964 964 965 958 959 959 959 956 956 958 958 958 959 958 959 959 959 959 958 959 956 959 959 959 959 958 959 959 959 958 959 959 959 959 959 956 959 959 959 958 959 958 958 958 958 958 959 959 959 956 956 956 959 956 963 963 964 964 964 964 964 964 964 964 964 964 964 964 964 964 964 964 
964 964 964 964 964 964 964 964 964 964 964 964 964 964 964 964 964 964 964 964 964 964 964 964 964 964 964 964 964 964 965 958 958 958 958 956 956 958 958 958 958 958 958 959 959 958 958 956 956 956 958 958 958 958 958 959 958 958 958 958 959 959 958 956 958 958 959 958 959 959 959 958 959 958 958 958 958 958 958 958 959 956 963 963 964 964 964 964 964 964 964 964 964 964 964 964 964 964 964 964 
964 964 964 964 964 964 964 964 964 964 964 964 964 964 964 964 964 964 964 964 964 964 964 964 964 964 964 964 964 964 965 958 958 958 958 956 956 959 959 959 958 958 958 958 958 958 958 959 956 959 959 959 959 959 958 959 958 959 959 958 958 958 956 956 956 958 958 958 959 956 956 956 956 956 956 956 956 956 956 956 956 956 963 963 964 964 964 964 964 964 964 964 964 964 964 964 964 964 964 964 
964 964 964 964 964 964 964 964 964 964 964 964 964 964 964 964 964 964 964 964 964 964 964 964 964 964 964 964 964 964 965 959 959 959 959 956 956 958 958 959 958 959 959 959 959 959 959 958 958 958 957 957 957 959 958 959 958 958 958 958 959 959 959 956 959 958 959 959 959 956 956 956 957 975 974 974 974 974 976 960 961 961 961 963 964 964 964 964 964 964 964 964 964 964 964 964 964 964 964 964 
964 964 964 964 964 964 964 964 964 964 964 964 964 964 964 964 964 964 964 964 964 964 964 964 964 964 964 964 964 964 965 958 958 958 958 956 956 958 958 959 958 959 958 958 958 958 959 956 956 956 956 957 956 959 958 959 958 959 959 959 959 958 958 958 959 958 958 956 956 956 956 956 984 956 956 956 956 956 956 963 964 964 964 963 964 964 964 964 964 964 964 964 964 964 964 964 964 964 964 964 
964 964 964 964 964 964 964 964 964 964 964 964 964 964 964 964 964 964 964 964 964 964 964 964 964 964 964 964 964 964 965 961 961 961 962 956 956 958 958 959 958 959 958 959 959 959 959 959 959 959 956 956 956 959 958 959 958 958 958 958 958 958 959 959 959 958 958 956 956 956 956 956 985 956 956 956 960 961 961 961 961 961 961 963 964 964 964 964 964 964 964 964 964 964 964 964 964 964 964 964 
964 964 964 964 964 964 964 964 964 964 964 964 964 964 964 964 964 964 964 964 964 964 964 964 964 964 964 964 964 964 965 964 964 964 965 956 956 958 959 959 958 959 958 958 958 958 958 959 956 959 958 956 959 958 958 959 958 958 959 959 959 959 959 958 958 958 958 956 956 956 956 956 957 956 956 956 963 964 964 964 964 964 964 963 964 964 964 964 964 964 964 964 964 964 964 964 964 964 964 964 
964 964 964 964 964 964 964 964 964 964 964 964 964 964 964 964 964 964 964 964 964 964 964 964 964 964 964 964 964 964 965 964 964 964 965 956 956 958 958 958 958 959 958 959 959 959 958 959 956 959 958 956 956 956 956 959 958 959 959 958 958 958 958 958 959 959 959 975 974 976 957 975 974 974 974 976 963 964 964 964 964 964 964 963 964 964 964 964 964 964 964 964 964 964 964 964 964 964 964 964 
964 964 964 964 964 964 964 964 964 964 964 964 964 964 964 964 964 964 964 964 964 964 964 964 964 964 964 964 964 964 965 964 964 964 965 956 956 959 959 959 959 959 958 958 959 958 958 959 956 959 958 956 958 958 958 959 958 958 959 958 958 958 959 958 959 958 958 956 956 956 984 956 956 956 956 956 963 964 964 964 964 964 964 963 964 964 964 964 964 964 964 964 964 964 964 964 964 964 964 964 
964 964 964 964 964 964 964 964 964 964 964 964 964 964 964 964 964 964 964 964 964 964 964 964 964 964 964 964 964 964 965 964 964 964 965 956 956 958 958 958 958 958 958 958 959 958 958 959 956 959 958 956 959 959 959 959 959 959 959 956 958 958 959 958 958 958 958 956 956 956 985 956 956 956 956 956 963 964 964 964 964 964 964 963 964 964 964 964 964 964 964 964 964 964 964 964 964 964 964 964 
964 964 964 964 964 964 964 964 964 964 964 964 964 964 964 964 964 964 964 964 964 964 964 964 964 964 964 964 964 964 965 964 964 964 965 956 956 956 956 956 957 957 958 958 959 958 956 956 956 956 956 956 958 958 958 958 958 958 956 956 956 958 959 959 959 959 959 975 974 976 957 975 976 957 956 956 963 964 964 964 964 964 964 963 964 964 964 964 964 964 964 964 964 964 964 964 964 964 964 964 
964 964 964 964 964 964 964 964 964 964 964 964 964 964 964 964 964 964 964 964 964 964 964 964 964 964 964 964 964 964 965 964 964 964 965 956 956 956 956 956 956 957 958 958 959 958 958 959 956 959 958 956 958 959 958 959 959 959 959 956 959 958 958 958 958 958 958 956 956 956 984 956 956 960 961 961 961 961 961 961 961 961 961 963 964 964 964 964 964 964 964 964 964 964 964 964 964 964 964 964 
964 964 964 964 964 964 964 964 964 964 964 964 964 964 964 964 964 964 964 964 964 964 964 964 964 964 964 964 964 964 965 961 961 961 961 961 961 961 961 962 956 956 959 958 959 958 958 959 956 959 958 956 959 959 956 959 956 956 956 958 956 956 956 956 956 956 956 956 956 956 983 956 956 963 964 964 964 964 964 964 964 964 964 963 964 964 964 964 964 964 964 964 964 964 964 964 964 964 964 964 
964 964 964 964 964 964 964 964 964 964 964 964 964 964 964 964 964 964 964 964 964 964 964 964 964 964 964 964 964 964 965 964 964 964 964 964 964 964 964 965 956 956 959 958 959 958 959 959 958 959 958 956 956 956 956 956 956 957 956 959 959 958 958 958 958 958 958 956 956 956 985 956 956 963 964 964 964 964 964 964 964 964 964 963 964 964 964 964 964 964 964 964 964 964 964 964 964 964 964 964 
964 964 964 964 964 964 964 964 964 964 964 964 964 964 964 964 964 964 964 964 964 964 964 964 964 964 964 964 964 964 965 964 964 964 964 964 964 964 964 965 956 956 958 958 958 958 958 958 958 959 959 956 958 959 956 958 956 956 956 958 958 958 958 959 958 958 958 958 958 958 959 958 956 963 964 964 964 964 964 964 964 964 964 963 964 964 964 964 964 964 964 964 964 964 964 964 964 964 964 964 
964 964 964 964 964 964 964 964 964 964 964 964 964 964 964 964 964 964 964 964 964 964 964 964 964 964 964 964 964 964 965 964 964 964 964 964 964 964 964 965 956 956 956 956 956 956 956 984 956 958 958 958 958 981 956 956 956 956 956 956 956 956 956 956 956 956 956 956 956 956 956 956 956 963 964 964 964 964 964 964 964 964 964 963 964 964 964 964 964 964 964 964 964 964 964 964 964 964 964 964 
964 964 964 964 964 964 964 964 964 964 964 964 964 964 964 964 964 964 964 964 964 964 964 964 964 964 964 964 964 964 965 964 964 964 964 964 964 964 964 965 956 956 956 956 956 956 956 983 956 958 958 958 958 980 956 956 956 956 956 956 956 956 956 956 956 956 956 956 956 956 956 956 956 963 964 964 964 964 964 964 964 964 964 963 964 964 964 964 964 964 964 964 964 964 964 964 964 964 964 964 
964 964 964 964 964 964 964 964 964 964 964 964 964 964 964 964 964 964 964 964 964 964 964 964 964 964 964 964 964 964 965 964 964 964 964 964 964 964 964 965 956 956 956 956 956 956 956 985 956 958 958 958 958 982 956 956 956 956 956 956 956 956 956 956 956 956 956 956 956 956 956 956 956 963 964 964 964 964 964 964 964 964 964 963 964 964 964 964 964 964 964 964 964 964 964 964 964 964 964 964 
964 964 964 964 964 964 964 964 964 964 964 964 964 964 964 964 964 964 964 964 964 964 964 964 964 964 964 964 964 964 965 961 961 961 961 961 961 961 961 961 961 961 961 961 961 961 961 961 961 961 961 961 961 961 961 961 961 961 961 961 961 961 961 961 961 961 961 961 961 961 961 961 961 961 961 961 961 961 961 961 961 961 961 963 964 964 964 964 964 964 964 964 964 964 964 964 964 964 964 964 
964 964 964 964 964 964 964 964 964 964 964 964 964 964 964 961 961 961 961 961 961 961 961 961 961 961 961 961 961 961 961 961 961 961 961 961 961 961 961 961 961 961 961 961 961 961 961 961 961 961 961 961 961 961 961 961 961 961 961 961 961 961 961 961 961 961 961 961 961 961 961 961 961 961 961 961 961 961 961 961 961 961 961 961 964 964 964 964 964 964 964 964 964 964 964 964 964 964 964 964 
964 964 964 964 964 964 964 964 964 964 964 964 964 964 964 964 964 964 964 964 964 964 964 964 964 964 964 964 964 964 964 964 964 964 964 964 964 964 964 964 964 964 964 964 964 964 964 964 964 964 964 964 964 964 964 964 964 964 964 964 964 964 964 964 964 964 964 964 964 964 964 964 964 964 964 964 964 964 964 964 964 964 964 964 964 964 964 964 964 964 964 964 964 964 964 964 964 964 964 964 
964 964 964 964 964 964 964 964 964 964 964 964 964 964 964 964 964 964 964 964 964 964 964 964 964 964 964 964 964 964 964 964 964 964 964 964 964 964 964 964 964 964 964 964 964 964 964 964 964 964 964 964 964 964 964 964 964 964 964 964 964 964 964 964 964 964 964 964 964 964 964 964 964 964 964 964 964 964 964 964 964 964 964 964 964 964 964 964 964 964 964 964 964 964 964 964 964 964 964 964 
964 964 964 964 964 964 964 964 964 964 964 964 964 964 964 964 964 964 964 964 964 964 964 964 964 964 964 964 964 964 964 964 964 964 964 964 964 964 964 964 964 964 964 964 964 964 964 964 964 964 964 964 964 964 964 964 964 964 964 964 964 964 964 964 964 964 964 964 964 964 964 964 964 964 964 964 964 964 964 964 964 964 964 964 964 964 964 964 964 964 964 964 964 964 964 964 964 964 964 964 
964 964 964 964 964 964 964 964 964 964 964 964 964 964 964 964 964 964 964 964 964 970 967 967 967 967 967 967 967 967 967 967 967 967 967 967 967 971 964 964 964 964 964 964 964 964 964 964 964 964 964 964 964 964 964 964 964 964 964 964 964 964 964 964 964 964 964 964 964 964 964 964 964 964 964 964 964 964 964 964 964 964 964 964 964 964 964 964 964 964 964 964 964 964 964 964 964 964 964 964 
964 964 964 964 964 964 964 964 964 964 964 964 964 964 964 964 964 964 964 964 964 965 957 956 958 958 958 958 958 958 958 958 958 958 958 958 958 966 971 964 964 964 964 964 964 964 964 964 964 964 964 964 964 964 964 964 964 964 964 964 964 964 964 964 964 964 964 964 964 964 964 964 964 964 964 964 964 964 964 964 964 964 964 964 964 964 964 964 964 964 964 964 964 964 964 964 964 964 964 964 
964 964 964 964 964 964 964 964 964 964 964 964 964 964 964 964 964 964 964 964 964 965 956 956 959 959 959 959 959 958 958 958 958 958 958 958 958 958 966 967 971 964 964 964 964 964 964 964 964 964 964 964 964 964 964 964 964 964 964 964 964 964 964 964 964 964 964 964 964 964 964 964 964 964 964 964 964 964 964 964 964 964 964 964 964 964 964 964 964 964 964 964 964 964 964 964 964 964 964 964 
964 964 964 964 964 964 964 964 964 964 964 964 964 964 964 964 964 964 964 964 964 965 956 956 958 958 958 958 958 958 958 958 958 958 958 959 959 958 958 958 963 964 964 964 964 964 964 964 964 964 964 964 964 964 964 964 964 964 964 964 964 964 964 964 964 964 964 964 964 964 964 964 964 964 964 964 964 964 964 964 964 964 964 964 964 964 964 964 964 964 964 964 964 964 964 964 964 964 964 964 
964 964 964 964 964 964 964 964 964 964 964 964 964 964 964 964 964 964 964 964 964 965 956 956 959 959 959 959 959 959 959 959 959 958 958 959 958 958 959 958 963 964 964 964 964 964 964 964 964 964 964 964 964 964 964 964 964 964 964 964 964 964 964 964 964 964 964 964 964 964 964 964 964 964 964 964 964 964 964 964 964 964 964 964 964 964 964 964 964 964 964 964 964 964 964 964 964 964 964 964 
964 964 964 964 964 964 964 964 964 964 964 964 964 964 964 964 964 964 964 964 964 965 956 956 958 958 958 958 958 958 958 958 958 958 958 958 958 958 959 958 966 967 967 967 967 967 967 967 967 967 969 967 967 967 967 967 967 967 971 964 964 964 964 964 964 964 964 964 964 964 964 964 964 964 964 964 964 964 964 964 964 964 964 964 964 964 964 964 964 964 964 964 964 964 964 964 964 964 964 964 
964 964 964 964 964 964 964 964 964 964 964 964 964 964 964 964 964 964 964 964 964 965 956 956 959 959 959 959 959 959 959 959 959 959 959 959 959 959 959 959 959 959 958 958 958 958 958 958 958 959 958 959 958 958 958 958 958 959 966 971 964 964 964 964 964 964 964 964 964 964 964 964 964 964 964 964 964 964 964 964 964 964 964 964 964 964 964 964 964 964 964 964 964 964 964 964 964 964 964 964 
964 964 964 964 964 964 964 964 964 964 964 964 964 964 964 964 964 964 964 964 964 965 956 956 959 958 958 958 958 958 958 958 958 958 958 958 958 958 958 958 959 958 958 959 959 959 959 959 958 958 958 958 958 958 958 958 958 959 958 966 971 964 964 964 964 964 964 964 964 964 964 964 964 964 964 964 964 964 964 964 964 964 964 964 964 964 964 964 964 964 964 964 964 964 964 964 964 964 964 964 
964 964 964 964 964 964 964 964 964 964 964 964 964 964 964 964 964 964 964 964 964 965 956 956 958 959 959 959 958 959 958 959 959 959 959 959 959 959 959 958 959 959 958 959 958 958 958 958 958 958 958 959 959 959 958 958 958 959 958 958 966 967 967 971 964 964 964 964 964 964 964 964 964 964 964 964 964 964 964 964 964 964 964 964 964 964 964 964 964 964 964 964 964 964 964 964 964 964 964 964 
964 964 964 964 964 964 964 964 964 964 964 964 964 964 964 964 964 964 964 964 964 965 956 956 958 959 958 959 958 959 959 958 958 958 958 958 958 958 958 958 958 959 958 959 958 959 958 958 958 958 958 959 958 958 959 959 959 959 958 958 958 958 957 966 967 971 964 964 964 964 964 964 964 964 964 964 964 964 964 964 964 964 964 964 964 964 964 964 964 964 964 964 964 964 964 964 964 964 964 964 
964 964 964 964 964 964 964 964 964 964 964 964 964 964 964 964 964 964 964 964 964 965 956 956 958 959 958 959 958 958 958 959 959 959 959 959 959 959 959 958 958 959 958 959 958 959 959 959 959 959 959 959 959 958 958 958 958 958 958 958 958 958 956 956 956 966 967 971 964 964 964 964 964 964 964 964 964 964 964 964 964 964 964 964 964 964 964 964 964 964 964 964 964 964 964 964 964 964 964 964 
964 964 964 964 964 964 964 964 964 964 964 964 964 964 964 964 964 964 964 964 964 965 956 956 958 959 958 959 958 959 958 958 958 958 958 958 958 958 959 958 959 959 959 959 958 959 958 959 958 958 958 958 959 958 959 959 959 959 958 958 959 959 956 957 956 956 956 966 971 964 964 964 964 964 964 964 964 964 964 964 964 964 964 964 964 964 964 964 964 964 964 964 964 964 964 964 964 964 964 964 
964 964 964 964 964 964 964 964 964 964 964 964 964 964 964 964 964 964 964 964 964 965 956 956 958 959 958 959 958 958 959 959 959 959 959 959 959 958 959 958 958 958 959 958 958 959 958 959 959 958 958 958 959 958 959 958 958 958 958 958 958 959 956 956 956 956 957 956 966 971 964 964 964 964 964 964 964 964 964 964 964 970 967 967 967 971 964 964 964 964 964 964 964 964 964 964 964 964 964 964 
964 964 964 964 964 964 964 964 964 964 964 964 964 964 964 964 964 964 964 964 964 965 956 957 958 958 958 959 958 958 958 959 958 958 958 958 959 958 959 958 958 958 958 958 958 959 958 958 958 958 958 958 959 958 959 958 959 958 958 960 961 961 961 961 962 956 956 956 956 963 964 964 964 964 964 964 964 964 964 964 964 965 958 958 958 963 964 964 964 964 964 964 964 964 964 964 964 964 964 964 
964 964 964 964 964 964 964 964 964 964 964 964 964 964 964 964 964 964 964 964 964 965 956 956 958 959 958 959 959 959 959 959 958 958 958 958 959 958 959 959 959 959 959 959 959 959 958 959 959 958 959 958 959 958 959 958 959 958 958 963 964 964 964 964 965 958 958 958 958 963 964 964 964 964 964 964 964 964 964 964 964 965 958 986 958 963 964 964 964 964 964 964 964 964 964 964 964 964 964 964 
964 964 964 964 964 964 964 964 964 964 964 964 964 964 964 964 964 964 964 964 964 965 956 956 958 959 958 958 958 958 958 958 958 959 959 959 959 958 959 958 958 958 958 958 958 959 958 958 959 958 959 958 959 958 958 958 959 958 958 963 964 964 964 964 965 958 958 958 958 963 964 964 964 964 964 964 964 964 964 964 964 965 958 958 958 963 964 964 964 964 964 964 964 964 964 964 964 964 964 964 
964 964 964 964 964 964 964 964 964 964 964 964 964 964 964 964 964 964 964 964 964 965 956 956 958 959 958 958 958 958 958 959 958 958 958 958 958 958 958 958 958 959 959 959 959 958 959 958 959 958 959 958 959 959 959 959 959 959 959 963 964 964 964 964 965 958 958 958 958 966 967 967 967 967 971 964 964 964 964 964 964 965 956 956 956 963 964 964 964 964 964 964 964 964 964 964 964 964 964 964 
964 964 964 964 964 964 964 964 964 964 964 964 964 964 964 964 964 964 964 964 964 965 956 956 958 958 958 958 959 958 958 959 958 958 959 959 959 959 959 958 958 959 958 958 959 958 958 958 959 958 959 958 958 958 958 958 959 958 958 966 967 967 967 967 968 958 958 958 958 958 960 961 961 962 966 967 967 971 964 964 964 965 956 956 956 963 964 964 964 964 964 964 964 964 964 964 964 964 964 964 
964 964 964 964 964 964 964 964 964 964 964 964 964 964 964 964 964 964 964 964 964 965 956 956 958 959 958 958 959 958 958 959 959 958 959 958 958 958 958 958 958 959 958 958 958 958 959 958 959 958 959 958 959 959 959 958 959 958 958 958 958 958 958 958 958 958 958 958 959 958 963 964 964 965 958 958 958 966 967 967 967 968 956 956 956 963 964 964 964 964 964 964 964 964 964 964 964 964 964 964 
964 964 964 964 964 964 964 964 964 964 964 964 964 964 964 964 964 964 964 964 964 965 956 956 958 959 958 958 959 958 958 958 959 958 959 959 959 959 959 959 958 959 959 959 959 959 959 958 959 958 959 958 958 958 958 958 959 958 958 958 959 958 958 958 958 958 958 958 958 958 963 964 964 965 958 958 958 958 958 958 958 958 956 956 956 963 964 964 964 964 964 964 964 964 964 964 964 964 964 964 
964 964 964 964 964 964 964 964 964 964 964 964 964 964 964 964 964 964 964 964 964 965 956 956 958 958 959 958 959 958 958 958 958 958 958 958 958 958 958 958 958 958 958 958 958 958 959 958 959 958 959 958 959 959 959 959 959 958 958 958 958 958 958 958 958 958 959 958 958 958 963 964 964 965 958 958 958 958 958 958 958 958 956 956 956 963 964 964 964 964 964 964 964 964 964 964 964 964 964 964 
964 964 964 964 964 964 964 964 964 964 964 964 964 964 964 964 964 964 964 964 964 965 956 956 959 958 959 958 959 959 958 958 958 958 958 959 959 959 959 959 959 958 958 958 958 958 958 958 959 958 959 958 958 958 958 958 959 958 958 958 958 958 958 958 958 958 958 958 958 958 966 967 967 968 958 958 958 958 958 958 958 958 957 956 956 963 964 964 964 964 964 964 964 964 964 964 964 964 964 964 
964 964 964 964 964 964 964 964 964 964 964 964 964 964 964 964 964 964 964 964 964 965 956 956 956 956 956 956 956 956 957 975 974 976 957 956 956 956 956 956 956 957 957 957 957 956 956 956 956 956 956 956 956 956 956 956 957 956 956 956 956 956 956 956 956 956 956 956 956 956 956 956 956 956 956 956 956 956 956 956 956 956 956 956 956 963 964 964 964 964 964 964 964 964 964 964 964 964 964 964 
964 964 964 964 964 964 964 964 964 964 964 964 964 964 964 964 964 964 964 964 964 965 956 956 956 956 956 956 956 956 956 956 956 956 956 956 956 956 956 956 956 956 956 956 956 956 956 956 956 956 956 957 956 956 956 956 956 956 956 956 956 956 956 956 956 956 956 956 956 956 956 956 956 956 956 956 956 956 956 956 956 956 956 956 956 963 964 964 964 964 964 964 964 964 964 964 964 964 964 964 
964 964 964 964 964 964 964 964 964 964 964 964 964 964 964 964 964 964 964 964 964 965 961 961 961 961 961 961 961 961 961 961 961 961 961 961 961 961 961 961 961 961 961 961 961 961 961 961 961 961 961 961 961 962 956 956 956 956 956 956 956 956 956 960 961 961 961 961 961 961 961 961 961 961 961 961 961 961 961 961 961 961 961 961 961 963 964 964 964 964 964 964 964 964 964 964 964 964 964 964 
964 964 964 964 964 961 961 961 961 961 961 961 961 961 961 961 961 961 961 961 961 961 961 961 961 961 961 961 961 961 961 961 961 961 961 961 961 961 961 961 961 961 961 961 961 961 961 961 961 961 961 961 961 961 961 961 961 961 961 961 961 961 961 961 961 961 961 961 961 961 961 961 961 961 961 961 961 961 961 961 961 961 961 961 961 961 961 961 961 961 961 961 961 961 964 964 964 964 964 964 
964 964 964 964 964 964 964 964 964 964 964 964 964 964 964 964 964 964 964 964 964 964 964 964 964 964 964 964 964 964 964 964 964 964 964 964 964 964 964 964 964 964 964 964 964 964 964 964 964 964 964 964 964 964 964 964 964 964 964 964 964 964 964 964 964 964 964 964 964 964 964 964 964 964 964 964 964 964 964 964 964 964 964 964 964 964 964 964 964 964 964 964 964 964 964 964 964 964 964 964 
964 964 964 964 964 964 964 964 964 964 964 964 964 964 964 964 964 964 964 964 964 964 964 964 964 964 964 964 964 964 964 964 964 964 964 964 964 964 964 964 964 964 964 964 964 964 964 964 964 964 964 964 964 964 964 964 964 964 964 964 964 964 964 964 964 964 964 964 964 964 964 964 964 964 964 964 964 964 964 964 964 964 964 964 964 964 964 964 964 964 964 964 964 964 964 964 964 964 964 964 
964 964 964 964 964 964 964 964 964 964 964 964 964 964 964 964 964 964 964 964 964 964 964 964 964 964 964 964 964 964 964 964 964 964 964 964 964 964 964 964 964 964 964 964 964 964 964 964 964 964 964 964 964 964 964 964 964 964 964 964 964 964 964 964 964 964 964 964 964 964 964 964 964 964 964 964 964 964 964 964 964 964 964 964 964 964 964 964 964 964 964 964 964 964 964 964 964 964 964 964 
964 964 964 964 964 964 964 964 964 964 964 964 964 964 964 964 964 964 964 964 964 964 964 964 964 964 964 964 964 964 964 964 964 964 964 964 964 964 964 964 964 964 964 964 964 964 964 964 964 964 964 964 964 964 964 964 964 964 964 964 964 964 964 964 964 964 964 964 964 964 964 964 964 964 964 964 964 964 964 964 964 964 964 964 964 964 964 964 964 964 964 964 964 964 964 964 964 964 964 964 
964 964 964 964 964 964 964 964 964 964 964 964 964 964 964 964 964 964 964 964 964 964 964 964 964 964 964 964 964 964 964 964 964 964 964 964 964 964 964 964 964 964 964 964 964 964 964 964 964 964 964 964 964 964 964 964 964 964 964 964 964 964 964 964 964 964 964 964 964 964 964 964 964 964 964 964 964 964 964 964 964 964 964 964 964 964 964 964 964 964 964 964 964 964 964 964 964 964 964 964 
