987 987 987 987 987 987 987 987 987 987 987 987 987 987 987 987 987 987 987 987 987 987 987 987 987 987 987 987 987 987 987 987 987 987 987 987 987 987 987 987 987 987 987 987 987 987 987 987 987 987 987 987 987 987 987 987 987 987 987 987 987 987 987 987 987 987 987 987 987 987 987 987 987 987 987 987 987 987 987 987 987 987 987 987 987 987 987 987 987 987 987 987 987 987 987 987 987 987 987 987 
987 987 987 987 987 987 987 987 987 987 987 987 987 987 987 987 987 987 987 987 987 987 987 987 987 987 987 987 987 987 987 987 987 987 987 987 987 987 987 987 987 987 987 987 987 987 987 987 987 987 987 987 987 987 987 987 987 987 987 987 987 987 987 987 987 987 987 987 987 987 987 987 987 987 987 987 987 987 987 987 987 987 987 987 987 987 987 987 987 987 987 987 987 987 987 987 987 987 987 987 
987 987 987 987 987 987 987 987 987 987 987 987 987 987 987 987 987 987 987 987 987 987 987 987 987 987 987 987 987 987 987 987 987 987 987 987 987 987 987 987 987 987 987 987 987 987 987 987 987 987 987 987 987 987 987 987 987 987 987 987 987 987 987 987 987 987 987 987 987 987 987 987 987 987 987 987 987 987 987 987 987 987 987 987 987 987 987 987 987 987 987 987 987 987 987 987 987 987 987 987 
987 987 987 987 987 987 987 987 987 987 987 987 987 987 987 987 987 987 987 987 987 987 987 987 987 987 987 987 987 987 987 987 987 987 987 987 987 987 987 987 987 987 987 987 987 987 987 987 987 987 987 987 987 987 987 987 987 987 987 987 987 987 987 987 987 987 987 987 987 987 987 987 987 987 987 987 987 987 987 987 987 987 987 987 987 987 987 987 987 987 987 987 987 987 987 987 987 987 987 987 
987 987 987 987 987 987 987 987 987 987 987 987 987 987 987 987 987 987 987 987 987 987 987 987 987 987 987 987 987 987 987 987 987 987 987 987 987 987 987 987 987 987 987 987 987 987 987 987 987 987 987 987 987 987 987 987 987 987 987 987 987 987 987 987 987 987 987 987 987 987 987 987 987 987 987 987 987 987 987 987 987 987 987 987 987 987 987 987 987 987 987 987 987 987 987 987 987 987 987 987 
987 987 987 987 987 987 987 987 987 987 987 987 987 987 987 987 987 987 987 987 987 987 987 987 987 987 987 987 987 987 987 987 987 987 987 987 987 987 987 987 987 987 987 987 987 987 987 987 987 987 987 987 987 987 987 987 987 987 987 987 987 987 987 987 987 987 987 987 987 987 987 987 987 987 987 987 987 987 987 987 987 987 987 987 987 987 987 987 987 987 987 987 987 987 987 987 987 987 987 987 
987 987 987 987 987 987 987 987 987 987 987 987 987 987 987 987 987 987 987 987 987 987 987 987 987 987 987 987 987 987 987 987 987 987 987 987 987 987 987 987 987 987 987 987 987 987 987 987 987 987 987 987 987 987 987 987 987 987 987 987 987 987 987 987 987 987 987 987 987 987 987 987 987 987 987 987 987 987 987 987 987 987 987 987 987 987 987 987 987 987 987 987 987 987 987 987 987 987 987 987 
987 987 987 987 987 987 987 987 987 987 987 987 987 987 987 987 987 987 987 987 987 987 987 987 987 987 987 987 987 987 987 987 987 987 987 987 987 987 987 987 987 987 987 987 987 987 987 987 987 987 987 987 987 987 987 987 987 987 987 987 987 987 987 987 987 987 987 987 987 987 987 987 987 987 987 987 987 987 987 987 987 987 987 987 987 987 987 987 987 987 987 987 987 987 987 987 987 987 987 987 
987 987 987 987 987 987 987 987 987 987 987 987 987 987 987 987 987 987 987 987 987 987 987 987 987 987 987 987 987 987 987 987 987 987 987 987 987 987 987 987 987 987 987 987 987 987 987 987 987 987 987 987 987 987 987 987 987 987 987 987 987 987 987 987 987 987 987 987 987 987 987 987 987 987 987 987 987 987 987 987 987 987 987 987 987 987 987 987 987 987 987 987 987 987 987 987 987 987 987 987 
987 987 987 987 987 987 987 987 987 987 987 987 987 987 987 987 987 987 987 987 987 987 987 987 987 987 987 987 987 987 987 987 987 987 987 987 987 987 987 987 987 987 987 987 987 987 987 987 987 987 987 987 987 987 987 987 987 987 987 987 987 987 987 987 987 987 987 987 987 987 987 987 987 987 987 987 987 987 987 987 987 987 987 987 987 987 987 987 987 987 987 987 987 987 987 987 987 987 987 987 
987 987 987 987 987 987 987 1005 998 998 998 998 998 998 998 998 998 998 998 998 998 998 998 998 998 998 998 998 998 998 998 998 998 998 998 998 998 998 998 998 998 998 998 998 998 998 998 998 998 998 998 998 998 998 998 998 998 998 998 998 998 998 1006 987 987 987 987 987 987 987 987 987 987 987 987 987 987 987 987 987 987 987 987 987 987 987 987 987 987 987 987 987 987 987 987 987 987 987 987 987 
987 987 987 987 987 987 987 996 1005 998 998 998 998 998 998 1001 998 998 998 998 998 998 998 998 998 1006 987 987 1005 998 998 998 998 998 998 998 998 998 998 998 1006 992 993 993 993 993 993 993 993 993 993 993 993 994 992 993 994 992 994 988 988 988 997 998 1006 987 987 987 987 987 987 987 987 987 987 987 987 987 987 987 987 987 987 987 987 987 987 987 987 987 987 987 987 987 987 987 987 987 987 987 
987 987 987 987 987 987 987 996 1010 1005 998 998 998 1006 988 1000 991 988 1027 988 988 988 988 989 988 997 998 998 999 988 989 989 988 988 988 988 988 991 988 988 1007 1009 987 992 993 993 993 993 994 987 987 987 987 1010 995 987 996 997 999 988 988 988 988 988 995 987 987 987 987 987 987 987 987 987 987 987 987 987 987 987 987 987 987 987 987 987 987 987 987 987 987 987 987 987 987 987 987 987 987 987 
987 987 987 987 987 987 987 996 996 1012 992 993 994 1009 988 988 990 988 1028 988 988 988 988 988 988 988 988 988 988 988 988 988 988 989 988 988 988 990 988 988 995 995 987 995 987 987 987 987 996 987 987 987 987 1014 995 987 1012 988 988 988 988 988 988 988 997 1006 987 987 987 987 987 987 987 987 987 987 987 987 987 987 987 987 987 987 987 987 987 987 987 987 987 987 987 987 987 987 987 987 987 987 
987 987 987 987 987 987 987 996 996 1008 995 991 1014 1011 988 1005 998 1030 998 998 998 1030 998 998 998 998 998 998 998 998 998 998 998 998 998 1006 988 988 988 988 1011 997 1006 997 1006 987 987 1005 999 987 987 987 987 1015 995 987 996 988 988 992 993 994 988 988 988 995 987 987 987 987 987 987 987 987 987 987 987 987 987 987 987 987 987 987 987 987 987 987 987 987 987 987 987 987 987 987 987 987 987 987 
987 987 987 987 987 987 987 1015 1008 996 1011 990 996 995 988 1008 988 988 988 989 988 988 988 988 988 988 988 988 988 988 988 988 988 988 988 997 998 1006 988 988 997 1006 1007 987 997 1001 998 999 987 987 987 987 1005 999 995 987 1008 988 988 1013 987 996 1018 1017 1019 995 987 987 987 987 987 987 987 987 987 987 987 987 987 987 987 987 987 987 987 987 987 987 987 987 987 987 987 987 987 987 987 987 987 987 
987 987 987 987 987 987 987 996 996 1014 1013 987 1010 997 1030 999 1005 1030 998 998 998 998 1030 998 998 998 998 998 998 998 998 998 998 998 1001 998 1006 995 988 988 988 1013 1011 987 987 1000 987 987 987 987 987 1005 999 988 997 998 999 988 988 995 987 1015 988 988 988 997 1006 987 987 987 987 987 987 987 987 987 987 987 987 987 987 987 987 987 987 987 987 987 987 987 987 987 987 987 987 987 987 987 987 987 
987 987 987 987 987 987 987 1010 996 1008 995 987 1015 992 988 988 1014 988 988 991 988 988 988 988 991 988 988 992 993 994 988 989 991 988 1000 988 1011 1013 988 988 988 995 995 987 987 987 987 987 987 987 1005 999 989 988 988 1024 988 988 988 1009 987 1012 988 988 989 988 995 987 987 987 987 987 987 987 987 987 987 987 987 987 987 987 987 987 987 987 987 987 987 987 987 987 987 987 987 987 987 987 987 987 
987 987 987 987 987 987 987 1008 1015 996 997 1001 999 997 998 1030 999 1021 1022 990 988 988 988 988 990 988 988 995 987 996 988 988 990 988 988 991 1007 995 988 988 988 1016 997 998 998 998 998 998 998 998 999 989 988 988 988 1023 988 988 988 997 1001 999 988 988 991 988 997 1006 987 987 987 987 987 987 987 987 987 987 987 987 987 987 987 987 987 987 987 987 987 987 987 987 987 987 987 987 987 987 987 987 
987 987 987 987 987 987 987 996 1012 996 988 1000 988 988 988 988 988 988 988 1027 988 989 988 988 1024 988 988 997 998 999 988 988 988 988 989 990 995 1013 988 988 988 1013 989 988 991 988 992 993 994 988 988 988 988 988 988 1023 988 988 988 988 1000 988 991 988 990 988 989 995 987 987 987 987 987 987 987 987 987 987 987 987 987 987 987 987 987 987 987 987 987 987 987 987 987 987 987 987 987 987 987 987 
987 987 987 987 987 987 987 996 996 996 988 988 991 988 988 988 988 988 988 1028 988 988 991 988 1025 988 988 988 992 993 993 993 993 993 993 993 993 1009 988 988 988 997 1006 988 990 988 1011 989 1015 988 988 988 988 988 988 1025 988 991 988 988 988 988 990 988 988 988 988 997 1006 987 987 987 987 987 987 987 987 987 987 987 987 987 987 987 987 987 987 987 987 987 987 987 987 987 987 987 987 987 987 987 
987 987 987 987 987 987 987 996 1014 1012 1021 1022 990 1018 1019 992 993 993 993 993 994 988 990 992 993 994 988 988 995 991 987 987 987 987 987 987 987 1011 988 988 988 988 997 1006 988 988 997 998 999 988 992 993 993 993 993 994 988 990 992 993 994 988 989 988 992 993 994 988 995 987 987 987 987 987 987 987 987 987 987 987 987 987 987 987 987 987 987 987 987 987 987 987 987 987 987 987 987 987 987 987 
987 987 987 987 987 987 987 1008 996 996 988 988 1024 988 988 1009 992 993 993 994 1012 988 988 995 987 996 988 988 1011 990 987 1005 1030 998 1006 987 987 997 998 1006 988 988 988 997 1006 988 988 988 988 988 997 998 998 1001 998 999 989 988 997 998 999 991 988 988 1013 987 1015 988 995 987 987 987 987 987 987 987 987 987 987 987 987 987 987 987 987 987 987 987 987 987 987 987 987 987 987 987 987 987 987 987 
987 987 987 987 987 987 987 996 996 996 988 988 1025 988 988 995 997 998 1001 999 996 988 988 1013 991 1015 988 988 995 987 987 1012 988 988 1013 987 987 987 987 997 1006 988 988 988 997 1006 988 988 988 992 994 988 988 1000 988 988 988 988 1024 988 988 990 988 988 997 1030 999 988 995 987 987 987 987 987 987 987 987 987 987 987 987 987 987 987 987 987 987 987 987 987 987 987 987 987 987 987 987 987 987 987 
987 987 987 987 987 987 987 996 1012 1010 988 988 992 993 994 1013 987 987 1000 987 1008 1018 1019 995 990 1010 988 988 995 987 987 996 988 988 1009 987 987 987 987 987 1007 988 988 988 988 997 1006 988 988 997 999 988 988 988 988 988 988 988 1025 988 988 988 988 988 988 988 988 988 995 987 987 987 987 987 987 987 987 987 987 987 987 987 987 987 987 987 987 987 987 987 987 987 987 987 987 987 987 987 987 987 
987 987 987 987 987 987 987 996 996 1014 988 988 995 989 996 1007 987 987 987 1005 999 988 988 997 998 999 988 988 1007 987 989 1014 988 988 997 998 998 998 998 1006 997 998 1006 988 988 988 997 1006 988 988 991 992 993 994 988 992 993 993 993 993 993 993 1002 1003 1004 993 993 993 993 987 987 987 987 987 987 987 987 987 987 987 987 987 987 987 987 987 987 987 987 987 987 987 987 987 987 987 987 987 987 987 
987 987 987 987 987 987 987 996 996 996 988 988 997 998 999 997 998 1006 987 1008 988 988 988 992 993 993 993 994 997 998 998 999 988 988 988 1027 988 988 989 997 998 1006 997 1006 988 988 988 1011 988 988 990 995 987 996 988 995 987 987 987 987 987 987 987 987 987 987 987 987 987 987 987 987 987 987 987 987 987 987 987 987 987 987 987 987 987 987 987 987 987 987 987 987 987 987 987 987 987 987 987 987 
987 987 987 987 987 987 987 1012 996 1008 988 988 988 988 989 988 991 1009 987 996 988 991 988 995 987 987 991 1014 988 988 988 988 988 988 988 1028 988 988 988 988 988 997 1006 997 1006 988 988 995 988 988 988 1013 987 996 988 1011 987 987 987 987 987 987 987 987 987 987 987 987 987 987 987 987 987 987 987 987 987 987 987 987 987 987 987 987 987 987 987 987 987 987 987 987 987 987 987 987 987 987 987 987 
987 987 987 987 987 987 987 996 1010 993 993 994 988 988 988 988 990 1013 987 1010 988 990 988 995 989 987 990 1012 988 992 993 993 993 993 993 994 988 988 988 988 991 988 1011 987 997 1006 988 995 988 988 988 995 987 996 988 995 987 987 987 987 987 987 987 987 987 987 987 987 987 987 987 987 987 987 987 987 987 987 987 987 987 987 987 987 987 987 987 987 987 987 987 987 987 987 987 987 987 987 987 987 
987 987 987 987 987 987 987 996 996 987 987 996 988 992 993 993 994 995 987 1014 988 988 988 1011 987 987 987 996 988 1013 987 987 987 987 987 1012 992 994 988 988 990 988 997 1006 987 995 988 995 988 988 992 993 987 996 988 995 987 987 987 987 987 987 987 987 987 987 987 987 987 987 987 987 987 987 987 987 987 987 987 987 987 987 987 987 987 987 987 987 987 987 987 987 987 987 987 987 987 987 987 987 
987 987 987 987 987 987 987 996 996 987 987 1015 991 995 987 987 996 995 987 996 1018 1017 1019 997 998 1030 998 999 988 997 998 998 998 998 998 999 997 999 989 988 988 988 988 1013 987 995 988 1009 988 988 1009 1005 1006 996 988 1007 987 987 987 987 987 987 987 987 987 987 987 987 987 987 987 987 987 987 987 987 987 987 987 987 987 987 987 987 987 987 987 987 987 987 987 987 987 987 987 987 987 987 987 987 
987 987 987 987 987 987 987 996 996 987 987 1010 990 997 998 998 999 995 987 1012 988 988 988 988 988 988 988 988 988 988 988 1027 988 988 988 988 988 988 1024 988 988 988 988 1007 987 995 988 995 988 988 995 993 993 996 988 1009 987 987 987 987 987 987 987 987 987 987 987 987 987 987 987 987 987 987 987 987 987 987 987 987 987 987 987 987 987 987 987 987 987 987 987 987 987 987 987 987 987 987 987 987 
987 987 987 987 987 987 987 996 1008 987 987 996 988 988 988 988 988 995 987 996 988 988 988 988 988 988 988 988 988 988 988 1028 988 988 988 988 988 988 1025 988 988 988 988 995 987 995 988 1013 988 988 997 998 998 999 988 995 987 987 987 987 987 987 987 987 987 987 987 987 987 987 987 987 987 987 987 987 987 987 987 987 987 987 987 987 987 987 987 987 987 987 987 987 987 987 987 987 987 987 987 987 
987 987 987 987 987 987 987 993 993 993 993 993 993 993 993 993 993 993 993 993 993 993 993 993 1002 1003 1004 993 993 993 994 989 1018 1019 989 988 988 988 992 993 994 1017 1019 995 987 995 988 995 988 988 988 988 991 988 988 995 987 987 987 987 987 987 987 987 987 987 987 987 987 987 987 987 987 987 987 987 987 987 987 987 987 987 987 987 987 987 987 987 987 987 987 987 987 987 987 987 987 987 987 987 
987 987 987 987 987 987 987 987 987 987 987 987 987 987 987 987 987 987 987 987 987 987 987 987 987 987 987 987 987 987 996 988 988 988 991 988 988 988 997 1001 999 988 988 995 987 1011 988 995 988 988 988 988 990 1021 1022 995 987 987 987 987 987 987 987 987 987 987 987 987 987 987 987 987 987 987 987 987 987 987 987 987 987 987 987 987 987 987 987 987 987 987 987 987 987 987 987 987 987 987 987 987 
987 987 987 987 987 987 987 987 987 987 987 987 987 987 987 987 987 987 987 987 987 987 987 987 987 987 987 987 987 987 1012 988 988 988 990 988 988 988 1024 1000 988 988 988 995 987 995 988 995 988 988 988 992 994 988 988 1013 987 987 987 987 987 987 987 987 987 987 987 987 987 987 987 987 987 987 987 987 987 987 987 987 987 987 987 987 987 987 987 987 987 987 987 987 987 987 987 987 987 987 987 987 
987 987 987 987 987 987 987 987 987 987 987 987 987 987 987 987 987 987 987 987 987 987 987 987 987 987 987 987 987 987 1014 988 988 988 988 988 988 988 1025 988 988 991 988 1009 987 995 988 1007 988 988 988 995 996 988 988 995 987 987 987 987 987 987 987 987 987 987 987 987 987 987 987 987 987 987 987 987 987 987 987 987 987 987 987 987 987 987 987 987 987 987 987 987 987 987 987 987 987 987 987 987 
987 987 987 987 987 987 987 987 987 987 987 987 987 987 987 987 987 987 987 987 987 987 987 987 987 987 987 987 987 987 996 988 988 988 988 992 993 993 993 994 988 990 988 995 987 995 987 1011 987 987 987 1011 993 994 987 995 987 987 987 987 987 987 987 987 987 987 987 987 987 987 987 987 987 987 987 987 987 987 987 987 987 987 987 987 987 987 987 987 987 987 987 987 987 987 987 987 987 987 987 987 
987 987 987 987 987 987 987 987 987 987 987 987 987 987 987 987 987 987 987 987 987 987 987 987 987 987 987 987 987 987 996 993 994 988 988 995 992 993 994 1015 988 988 989 1011 987 1007 987 995 987 987 987 997 998 999 987 1016 987 987 987 987 987 987 987 987 987 987 987 987 987 987 987 987 987 987 987 987 987 987 987 987 987 987 987 987 987 987 987 987 987 987 987 987 987 987 987 987 987 987 987 987 
987 987 987 987 987 987 987 987 987 987 987 987 987 987 987 987 987 987 987 987 987 987 987 987 987 987 987 987 987 987 996 987 996 988 988 1009 997 1001 999 996 993 993 993 993 987 995 987 997 998 1006 987 987 987 987 987 995 987 987 987 987 987 987 987 987 987 987 987 987 987 987 987 987 987 987 987 987 987 987 987 987 987 987 987 987 987 987 987 987 987 987 987 987 987 987 987 987 987 987 987 987 
987 987 987 987 987 987 987 987 987 987 987 987 987 987 987 987 987 987 987 987 987 987 987 987 987 987 987 987 987 987 996 987 1015 988 988 995 987 1000 987 1010 987 987 987 987 987 995 992 993 994 997 1006 987 987 987 987 995 987 987 987 987 987 987 987 987 987 987 987 987 987 987 987 987 987 987 987 987 987 987 987 987 987 987 987 987 987 987 987 987 987 987 987 987 987 987 987 987 987 987 987 987 
987 987 987 987 987 987 987 987 987 987 987 987 987 987 987 987 987 987 987 987 987 987 987 987 987 987 987 987 987 987 996 987 1014 988 988 995 987 987 987 996 1005 998 1006 1021 1022 1009 995 987 996 987 995 987 991 987 987 995 987 987 987 987 987 987 987 987 987 987 987 987 987 987 987 987 987 987 987 987 987 987 987 987 987 987 987 987 987 987 987 987 987 987 987 987 987 987 987 987 987 987 987 987 
987 987 987 987 987 987 987 987 987 987 987 987 987 987 987 987 987 987 987 987 987 987 987 987 987 987 987 987 987 987 996 987 996 988 988 1013 987 991 987 996 1014 988 1013 988 988 995 997 998 999 987 1009 987 990 987 987 1007 987 987 987 987 987 987 987 987 987 987 987 987 987 987 987 987 987 987 987 987 987 987 987 987 987 987 987 987 987 987 987 987 987 987 987 987 987 987 987 987 987 987 987 987 
987 987 987 987 987 987 987 987 987 987 987 987 987 987 987 987 987 987 987 987 987 987 987 987 987 987 987 987 987 987 996 987 996 988 988 1011 987 990 987 996 993 993 993 987 987 995 987 987 987 987 1013 987 1005 998 1006 995 987 987 987 987 987 987 987 987 987 987 987 987 987 987 987 987 987 987 987 987 987 987 987 987 987 987 987 987 987 987 987 987 987 987 987 987 987 987 987 987 987 987 987 987 
987 987 987 987 987 987 987 987 987 987 987 987 987 987 987 987 987 987 987 987 987 987 987 987 987 987 987 987 987 987 996 987 1012 1021 1022 995 987 992 994 996 989 989 989 987 987 997 1006 992 993 993 993 987 993 993 993 995 987 987 987 987 987 987 987 987 987 987 987 987 987 987 987 987 987 987 987 987 987 987 987 987 987 987 987 987 987 987 987 987 987 987 987 987 987 987 987 987 987 987 987 987 
987 987 987 987 987 987 987 987 987 987 987 987 987 987 987 987 987 987 987 987 987 987 987 987 987 987 987 987 987 987 996 987 1008 988 988 1009 987 1016 996 1008 988 988 1027 987 987 987 995 995 987 987 987 987 987 987 987 995 987 987 987 987 987 987 987 987 987 987 987 987 987 987 987 987 987 987 987 987 987 987 987 987 987 987 987 987 987 987 987 987 987 987 987 987 987 987 987 987 987 987 987 987 
987 987 987 987 987 987 987 987 987 987 987 987 987 987 987 987 987 987 987 987 987 987 987 987 987 987 987 987 987 987 1014 987 996 988 988 995 987 995 996 996 988 988 1026 987 987 987 1007 995 987 987 1005 998 998 1006 987 995 987 987 987 987 987 987 987 987 987 987 987 987 987 987 987 987 987 987 987 987 987 987 987 987 987 987 987 987 987 987 987 987 987 987 987 987 987 987 987 987 987 987 987 987 
987 987 987 987 987 987 987 987 987 987 987 987 987 987 987 987 987 987 987 987 987 987 987 987 987 987 987 987 987 987 996 987 996 988 988 995 987 997 999 996 988 988 1028 987 987 987 995 995 987 987 993 993 993 993 987 995 987 987 987 987 987 987 987 987 987 987 987 987 987 987 987 987 987 987 987 987 987 987 987 987 987 987 987 987 987 987 987 987 987 987 987 987 987 987 987 987 987 987 987 987 
987 987 987 987 987 987 987 987 987 987 987 987 987 987 987 987 987 987 987 987 987 987 987 987 987 987 987 987 987 987 1008 987 996 988 988 1011 987 987 987 1014 991 991 991 987 987 987 995 1013 987 1005 998 998 1006 987 991 995 987 987 987 987 987 987 987 987 987 987 987 987 987 987 987 987 987 987 987 987 987 987 987 987 987 987 987 987 987 987 987 987 987 987 987 987 987 987 987 987 987 987 987 987 
987 987 987 987 987 987 987 987 987 987 987 987 987 987 987 987 987 987 987 987 987 987 987 987 987 987 987 987 987 987 996 987 1014 988 988 995 1005 1006 987 996 990 990 990 987 987 987 1011 995 987 993 993 993 993 987 990 1009 987 987 987 987 987 987 987 987 987 987 987 987 987 987 987 987 987 987 987 987 987 987 987 987 987 987 987 987 987 987 987 987 987 987 987 987 987 987 987 987 987 987 987 987 
987 987 987 987 987 987 987 987 987 987 987 987 987 987 987 987 987 987 987 987 987 987 987 987 987 987 987 987 987 987 996 987 996 988 988 995 993 993 987 996 988 988 988 988 991 992 993 1007 987 987 987 987 992 993 994 995 987 987 987 987 987 987 987 987 987 987 987 987 987 987 987 987 987 987 987 987 987 987 987 987 987 987 987 987 987 987 987 987 987 987 987 987 987 987 987 987 987 987 987 987 
987 987 987 987 987 987 987 987 987 987 987 987 987 987 987 987 987 987 987 987 987 987 987 987 987 987 987 987 987 987 996 987 996 988 988 1007 989 987 987 1012 988 988 988 989 990 995 992 993 1005 998 998 1006 995 987 996 997 1001 1006 987 987 987 987 987 987 987 987 987 987 987 987 987 987 987 987 987 987 987 987 987 987 987 987 987 987 987 987 987 987 987 987 987 987 987 987 987 987 987 987 987 987 
987 987 987 987 987 987 987 987 987 987 987 987 987 987 987 987 987 987 987 987 987 987 987 987 987 987 987 987 987 987 1010 987 996 988 988 995 987 987 991 1015 988 988 991 988 988 995 995 987 996 988 988 995 995 987 1015 988 1000 997 1006 987 987 987 987 987 987 987 987 987 987 987 987 987 987 987 987 987 987 987 987 987 987 987 987 987 987 987 987 987 987 987 987 987 987 987 987 987 987 987 987 987 
987 987 987 987 987 987 987 987 987 987 987 987 987 987 987 987 987 987 987 987 987 987 987 987 987 987 987 987 987 987 996 987 996 988 988 995 987 987 990 996 988 988 990 1018 1019 995 1011 987 993 993 993 993 995 987 996 991 988 988 997 998 998 998 998 1006 987 987 987 987 987 987 987 987 987 987 987 987 987 987 987 987 987 987 987 987 987 987 987 987 987 987 987 987 987 987 987 987 987 987 987 987 
987 987 987 987 987 987 987 987 987 987 987 987 987 987 987 987 987 987 987 987 987 987 987 987 987 987 987 987 987 987 993 994 996 988 988 1013 987 1005 1006 996 988 992 994 988 988 1009 997 998 998 998 998 998 995 987 996 990 988 988 988 988 988 988 988 997 1006 987 987 987 987 987 987 987 987 987 987 987 987 987 987 987 987 987 987 987 987 987 987 987 987 987 987 987 987 987 987 987 987 987 987 987 
987 987 987 987 987 987 987 987 987 987 987 987 987 987 987 987 987 987 987 987 987 987 987 987 987 987 987 987 987 987 987 996 1012 988 988 995 987 993 993 996 988 995 993 994 988 997 998 998 998 998 998 998 995 987 996 988 988 992 993 993 993 994 988 988 997 1006 987 987 987 987 987 987 987 987 987 987 987 987 987 987 987 987 987 987 987 987 987 987 987 987 987 987 987 987 987 987 987 987 987 987 
987 987 987 987 987 987 987 987 987 987 987 987 987 987 987 987 987 987 987 987 987 987 987 987 987 987 987 987 987 987 987 996 996 988 988 995 987 987 987 996 988 995 991 1012 988 1024 988 988 988 988 988 988 1007 987 1012 988 992 993 987 987 1005 999 991 988 988 997 998 1006 987 987 987 987 987 987 987 987 987 987 987 987 987 987 987 987 987 987 987 987 987 987 987 987 987 987 987 987 987 987 987 987 
987 987 987 987 987 987 987 987 987 987 987 987 987 987 987 987 987 987 987 987 987 987 987 987 987 987 987 987 987 987 987 996 996 988 988 1011 992 994 987 1014 988 1013 990 1015 988 1025 988 988 988 988 988 988 995 987 1010 988 995 987 987 1005 999 988 990 989 988 989 988 997 1006 987 987 987 987 987 987 987 987 987 987 987 987 987 987 987 987 987 987 987 987 987 987 987 987 987 987 987 987 987 987 987 
987 987 987 987 987 987 987 987 987 987 987 987 987 987 987 987 987 987 987 987 987 987 987 987 987 987 987 987 987 987 987 996 1014 988 988 995 995 1014 987 1010 988 997 998 999 988 991 1018 1019 992 994 1018 1019 995 987 1016 988 997 1006 998 999 988 988 988 988 988 989 988 989 997 998 998 1006 987 987 987 987 987 987 987 987 987 987 987 987 987 987 987 987 987 987 987 987 987 987 987 987 987 987 987 987 
987 987 987 987 987 987 987 987 987 987 987 987 987 987 987 987 987 987 987 987 987 987 987 987 987 987 987 987 987 987 987 996 1010 988 988 1007 995 1015 987 996 988 988 988 988 988 990 988 988 995 1008 988 988 995 987 993 994 988 988 988 1024 988 991 988 989 988 988 988 989 988 989 988 997 998 998 1006 987 987 987 987 987 987 987 987 987 987 987 987 987 987 987 987 987 987 987 987 987 987 987 987 987 
987 987 987 987 987 987 987 987 987 987 987 987 987 987 987 987 987 987 987 987 987 987 987 987 987 987 987 987 987 987 987 996 996 988 988 995 1013 996 987 996 988 988 988 988 988 988 989 988 995 1014 988 988 1011 987 987 996 988 988 988 1025 988 990 988 989 989 989 988 989 988 989 988 988 988 988 997 998 998 998 998 998 1006 987 987 987 987 987 987 987 987 987 987 987 987 987 987 987 987 987 987 987 
987 987 987 987 987 987 987 987 987 987 987 987 987 987 987 987 987 987 987 987 987 987 987 987 987 987 987 987 987 987 987 1014 996 988 988 1009 995 996 987 996 988 988 988 992 993 994 988 988 995 996 988 988 995 1021 1022 996 988 988 988 992 993 993 994 988 988 988 988 988 988 989 988 991 988 992 993 994 988 988 989 988 995 987 987 987 987 987 987 987 987 987 987 987 987 987 987 987 987 987 987 987 
987 987 987 987 987 987 987 987 987 987 987 987 987 987 987 987 987 987 987 987 987 987 987 987 987 987 987 987 987 987 987 996 996 988 988 995 1009 1010 987 996 988 988 988 995 987 996 988 988 1013 996 988 988 1009 988 988 996 988 988 992 993 987 987 996 989 989 989 989 989 988 991 988 990 988 995 988 993 994 988 1027 988 995 987 987 987 987 987 987 987 987 987 987 987 987 987 987 987 987 987 987 987 
987 987 987 987 987 987 987 987 987 987 987 987 987 987 987 987 987 987 987 987 987 987 987 987 987 987 987 987 987 987 987 996 993 993 994 995 1007 996 987 1008 988 988 988 1009 987 1008 988 988 995 1015 988 988 1007 1021 1022 996 988 992 993 987 987 987 993 994 988 988 988 988 988 990 988 991 988 1011 988 988 996 988 1028 988 1013 987 987 987 987 987 987 987 987 987 987 987 987 987 987 987 987 987 987 987 
987 987 987 987 987 987 987 987 987 987 987 987 987 987 987 987 987 987 987 987 987 987 987 987 987 987 987 987 987 987 987 993 993 994 996 1011 997 999 987 1015 992 993 994 995 987 996 988 992 993 996 988 988 995 988 988 1015 992 993 987 987 987 987 987 1014 988 989 989 988 989 989 988 990 988 995 1018 1019 996 988 989 988 995 987 987 987 987 987 987 987 987 987 987 987 987 987 987 987 987 987 987 987 
987 987 987 987 987 987 987 987 987 987 987 987 987 987 987 987 987 987 987 987 987 987 987 987 987 987 987 987 987 987 987 987 987 996 1010 995 987 987 987 996 1007 987 996 995 987 1014 991 995 987 996 991 988 995 988 988 996 997 998 998 998 998 998 998 999 988 992 994 988 988 991 988 989 988 995 988 988 1015 1018 1019 988 995 987 987 987 987 987 987 987 987 987 987 987 987 987 987 987 987 987 987 987 
987 987 987 987 987 987 987 987 987 987 987 987 987 987 987 987 987 987 987 987 987 987 987 987 987 987 987 987 987 987 987 987 987 996 1014 995 987 987 987 996 1013 987 1016 1011 987 996 990 997 1001 999 990 988 1009 988 988 996 988 988 989 989 988 988 988 988 988 995 996 1021 1022 990 988 1021 1022 997 1006 988 1012 988 991 988 995 987 987 987 987 987 987 987 987 987 987 987 987 987 987 987 987 987 987 987 
987 987 987 987 987 987 987 987 987 987 987 987 987 987 987 987 987 987 987 987 987 987 987 987 987 987 987 987 987 987 987 987 987 1012 996 995 987 987 987 1010 995 987 996 1007 987 996 988 988 1000 988 991 988 995 988 988 1012 991 988 988 988 988 988 989 988 989 997 999 988 988 992 994 988 988 988 1009 988 996 988 990 988 1009 987 987 987 987 987 987 987 987 987 987 987 987 987 987 987 987 987 987 987 
987 987 987 987 987 987 987 987 987 987 987 987 987 987 987 987 987 987 987 987 987 987 987 987 987 987 987 987 987 987 987 1005 998 999 996 1007 987 987 987 1014 995 989 993 993 987 996 988 988 988 988 990 988 995 988 988 996 990 988 989 988 989 989 989 988 988 1027 988 988 991 995 1008 1018 1019 988 995 988 1014 988 991 988 1009 987 987 987 987 987 987 987 987 987 987 987 987 987 987 987 987 987 987 987 
987 987 987 987 987 987 987 987 987 987 987 987 987 987 987 987 987 987 987 987 987 987 987 987 987 987 987 987 987 1005 998 999 1005 998 999 1011 987 987 987 1015 995 988 1027 987 987 1010 988 988 988 988 988 988 997 998 998 999 988 988 989 988 988 988 989 988 988 1026 988 989 990 1007 996 988 989 988 997 1030 999 988 990 988 995 987 987 987 987 987 987 987 987 987 987 987 987 987 987 987 987 987 987 987 
987 987 987 987 987 987 987 987 987 987 987 987 987 987 987 987 987 987 987 987 987 987 987 987 987 987 987 1005 998 999 1005 998 999 988 988 995 987 987 987 996 995 988 1028 987 987 996 992 993 993 993 993 993 993 993 993 993 993 993 993 994 988 988 988 989 988 1028 988 988 992 993 1011 988 989 988 988 988 989 988 991 988 995 987 987 987 987 987 987 987 987 987 987 987 987 987 987 987 987 987 987 987 
987 987 987 987 987 987 987 987 987 987 987 987 987 987 987 987 987 987 987 987 987 987 987 987 1005 998 998 999 1005 998 999 988 988 988 988 997 998 1030 998 999 997 998 998 998 998 999 997 998 998 998 998 998 998 998 998 998 998 998 998 999 1021 1020 1022 992 993 994 989 989 997 998 999 988 989 988 988 992 994 988 990 988 1013 987 987 987 987 987 987 987 987 987 987 987 987 987 987 987 987 987 987 987 
987 987 987 987 987 987 987 987 987 987 987 987 987 987 987 987 987 987 987 987 987 1005 998 998 999 1005 998 998 999 988 989 988 989 989 988 988 989 988 989 988 989 988 988 988 988 989 988 988 988 988 988 988 988 988 988 988 988 988 988 988 988 988 988 997 998 999 988 988 988 988 988 988 989 988 988 1013 996 988 991 988 1009 987 987 987 987 987 987 987 987 987 987 987 987 987 987 987 987 987 987 987 
987 987 987 987 987 987 987 987 987 987 987 987 987 987 987 987 987 987 987 987 1005 999 1005 998 998 999 988 989 988 988 989 988 988 989 989 988 989 988 989 988 989 988 989 989 988 989 1018 1019 989 989 989 989 989 989 989 989 989 989 989 989 989 989 988 988 988 988 988 992 994 989 989 989 989 988 991 995 1012 988 990 988 995 987 987 987 987 987 987 987 987 987 987 987 987 987 987 987 987 987 987 987 
987 987 987 987 987 987 987 987 987 987 987 987 987 987 987 987 987 987 987 1005 999 1005 999 988 988 988 988 989 988 991 989 989 988 988 989 988 989 988 988 988 988 988 989 988 988 989 988 988 988 988 988 988 988 989 988 988 988 988 988 988 988 989 988 989 1021 1022 989 997 999 988 988 988 988 988 990 997 999 988 991 988 1009 987 987 987 987 987 987 987 987 987 987 987 987 987 987 987 987 987 987 987 
987 987 987 987 987 987 987 987 987 987 987 987 987 987 987 987 987 987 1005 999 1005 999 988 988 989 989 988 989 988 990 989 988 988 988 989 988 989 989 988 989 989 989 989 988 988 988 988 988 989 989 989 989 989 989 989 989 989 989 989 988 989 989 989 988 988 988 988 991 988 1018 1019 992 994 988 989 988 989 988 990 988 1013 987 987 987 987 987 987 987 987 987 987 987 987 987 987 987 987 987 987 987 
987 987 987 987 987 987 987 987 987 987 987 987 987 987 987 987 987 987 996 1005 999 989 988 988 989 988 988 989 988 989 989 989 989 989 991 988 988 988 988 988 988 988 988 989 988 989 989 989 988 988 988 988 988 988 988 988 988 988 988 988 992 993 994 988 991 988 988 990 988 988 988 997 999 988 989 988 989 988 991 988 995 987 987 987 987 987 987 987 987 987 987 987 987 987 987 987 987 987 987 987 
987 987 987 987 987 987 987 987 987 987 987 987 987 987 987 987 987 987 996 996 988 1027 988 989 989 988 988 989 988 988 988 988 988 989 990 988 989 989 988 988 989 988 989 989 988 988 989 988 988 989 989 989 989 989 989 989 989 988 989 989 1011 987 1014 988 990 988 988 988 988 988 988 988 989 988 989 988 989 988 990 988 997 1001 998 998 998 1006 987 987 987 987 987 987 987 987 987 987 987 987 987 987 
987 987 987 987 987 987 987 987 987 987 987 987 987 987 987 987 987 987 996 996 988 1028 988 989 988 988 988 989 989 989 989 989 988 989 988 988 988 989 989 988 989 988 989 988 988 988 989 988 988 988 989 988 988 988 988 988 988 988 988 988 995 987 996 988 988 988 992 993 993 994 988 989 988 988 989 988 989 988 991 988 988 1000 991 988 988 997 1006 987 987 987 987 987 987 987 987 987 987 987 987 987 
987 987 987 987 987 987 987 987 987 987 987 987 987 987 987 987 987 987 996 996 988 989 988 989 989 989 988 988 988 988 988 989 988 989 989 989 988 988 989 988 989 988 989 989 989 988 989 989 989 988 989 988 989 989 989 989 989 989 989 989 997 1030 999 988 991 988 997 998 998 999 989 988 988 989 988 988 989 988 990 992 993 994 990 988 988 988 997 998 998 1006 987 987 987 987 987 987 987 987 987 987 
987 987 987 987 987 987 987 987 987 987 987 987 987 987 987 987 987 987 1010 996 988 989 988 988 988 1027 988 989 989 989 988 989 988 988 988 988 988 988 989 988 989 988 989 988 988 988 988 988 988 988 989 988 988 988 988 988 988 988 988 988 988 988 988 988 990 989 988 988 988 988 988 988 989 988 988 988 989 988 988 997 998 999 988 988 988 988 988 988 988 1007 987 987 987 987 987 987 987 987 987 987 
987 987 987 987 987 987 987 987 987 987 987 987 987 987 987 987 987 987 996 1008 988 989 988 988 988 1028 988 988 988 989 988 989 989 989 989 989 989 989 989 988 989 988 989 988 989 988 989 988 989 989 989 988 989 988 989 989 989 989 989 989 1021 1020 1022 991 988 988 988 992 994 989 989 989 988 988 989 988 991 988 988 988 988 988 988 992 993 993 993 994 988 995 987 987 987 987 987 987 987 987 987 987 
987 987 987 987 987 987 987 987 987 987 987 987 987 987 987 987 987 987 996 996 988 989 1018 1019 989 989 989 989 988 989 988 988 988 988 988 988 988 988 988 988 989 988 988 988 989 988 989 988 989 988 988 988 989 988 989 989 988 988 988 988 988 988 988 990 988 988 988 1016 1015 988 988 988 988 989 988 988 990 989 989 989 989 989 989 1009 1005 1006 987 996 988 995 987 987 987 987 987 987 987 987 987 987 
987 987 987 987 987 987 987 987 987 987 987 987 987 987 987 987 987 987 996 996 988 989 988 988 988 988 988 989 988 989 988 989 988 988 989 989 989 989 1021 1022 989 988 989 989 989 988 989 988 989 988 989 988 989 988 988 989 988 989 989 989 1021 1022 991 992 994 1021 1022 997 999 988 989 989 989 989 988 988 989 988 988 988 988 991 988 995 993 993 987 1012 988 995 987 987 987 987 987 987 987 987 987 987 
987 987 987 987 987 987 987 987 987 987 987 987 987 987 987 987 987 987 996 996 988 989 989 989 989 989 988 989 988 989 988 989 989 989 988 989 988 988 988 988 989 988 989 988 988 988 989 988 989 988 988 988 989 989 988 989 988 989 988 988 988 988 990 997 999 988 988 988 988 988 989 988 992 993 994 988 989 989 989 989 988 990 988 1013 987 1005 1006 996 988 1013 987 987 987 987 987 987 987 987 987 987 
987 987 987 987 987 987 987 987 987 987 987 987 987 987 987 987 987 987 996 996 988 989 988 988 988 989 988 989 988 989 989 989 988 988 988 1027 988 988 989 989 989 989 989 989 989 989 989 988 989 989 989 988 989 988 988 988 988 989 988 988 991 989 988 988 1024 988 988 988 988 989 989 988 997 998 999 988 988 988 988 989 988 1024 988 995 989 993 993 1015 988 995 987 987 987 987 987 987 987 987 987 987 
987 987 987 987 987 987 987 987 987 987 987 987 987 987 987 987 987 987 996 996 988 989 988 989 988 989 988 989 988 989 988 989 988 991 988 1028 988 988 988 988 988 988 988 988 988 988 988 988 988 988 988 988 989 991 1021 1022 989 989 1021 1022 990 988 988 988 1025 988 989 989 989 989 988 988 988 988 988 989 988 988 988 989 988 1025 988 995 987 987 987 996 991 1011 987 987 987 987 987 987 987 987 987 987 
987 987 987 987 987 987 987 987 987 987 987 987 987 987 987 987 987 987 996 996 988 989 988 989 988 989 988 989 988 989 988 1027 988 990 988 989 989 989 989 989 989 989 989 989 989 989 989 989 989 1021 1022 989 989 990 988 988 988 988 988 988 989 988 989 989 989 989 988 988 988 988 988 988 988 989 989 989 988 989 989 989 988 991 988 997 998 1030 998 999 990 995 987 987 987 987 987 987 987 987 987 987 
987 987 987 987 987 987 987 987 987 987 987 987 987 987 987 987 987 987 996 996 988 989 988 989 988 989 988 989 988 988 988 1028 988 988 988 1027 988 988 988 988 988 988 988 988 988 989 988 988 988 988 989 988 991 988 988 991 988 989 989 988 1027 988 988 988 988 988 988 989 989 989 989 989 988 989 988 988 988 988 988 988 988 990 989 988 988 988 988 988 988 995 987 987 987 987 987 987 987 987 987 987 
987 987 987 987 987 987 987 987 987 987 987 987 987 987 987 987 987 987 996 1012 988 989 988 989 988 989 988 989 989 989 989 989 989 989 989 1028 989 989 989 1018 1019 989 989 989 988 989 989 989 988 988 1027 988 990 988 991 990 988 988 989 988 1028 988 989 989 989 989 989 989 988 988 988 989 988 989 989 989 989 989 988 992 994 988 988 988 988 988 992 993 993 993 987 987 987 987 987 987 987 987 987 987 
987 987 987 987 987 987 987 987 987 987 987 987 987 987 987 987 987 987 996 996 988 988 988 989 988 988 988 988 988 988 988 988 988 988 988 988 988 988 988 988 988 988 988 989 988 988 988 988 988 988 1028 988 988 988 990 988 988 988 988 988 989 989 988 988 988 988 988 988 988 988 988 988 988 988 988 988 988 988 988 997 999 992 993 1002 1003 1004 993 987 987 987 987 987 987 987 987 987 987 987 987 987 
987 987 987 987 987 987 987 987 987 987 987 987 987 987 987 987 987 987 993 993 993 993 993 993 993 993 993 993 993 993 993 993 993 993 993 993 993 993 993 993 993 993 993 993 993 993 993 993 993 993 993 993 993 993 993 993 993 993 994 988 988 1024 988 988 988 992 993 993 993 993 993 993 993 993 993 993 993 993 993 993 993 993 987 987 987 987 987 987 987 987 987 987 987 987 987 987 987 987 987 987 
987 987 987 987 987 987 987 987 987 987 987 987 987 987 987 987 987 987 998 998 998 998 998 998 998 998 998 998 998 998 998 998 1006 987 987 987 987 987 987 987 987 987 987 987 987 987 987 987 987 987 987 987 987 987 987 987 987 987 993 994 988 1025 988 988 988 1011 987 987 987 987 987 987 987 987 987 987 987 987 987 987 987 987 987 987 987 987 987 987 987 987 987 987 987 987 987 987 987 987 987 987 
987 987 987 987 987 987 987 987 987 987 987 987 987 987 987 987 987 988 988 988 988 988 988 988 988 988 988 988 988 988 988 988 995 987 987 987 987 987 987 987 987 987 987 987 987 987 987 987 987 987 987 987 987 987 987 987 987 987 987 993 993 993 993 993 993 993 987 987 987 987 987 987 987 987 987 987 987 987 987 987 987 987 987 987 987 987 987 987 987 987 987 987 987 987 987 987 987 987 987 987 
987 987 987 987 987 987 987 987 987 987 987 987 987 987 987 987 987 993 993 993 993 993 993 993 993 993 993 993 993 1002 1003 1004 993 987 987 987 987 987 987 987 987 987 987 987 987 987 987 987 987 987 987 987 987 987 987 987 987 987 987 987 987 987 987 987 987 987 987 987 987 987 987 987 987 987 987 987 987 987 987 987 987 987 987 987 987 987 987 987 987 987 987 987 987 987 987 987 987 987 987 987 
987 987 987 987 987 987 987 987 987 987 987 987 987 987 987 987 987 987 987 987 987 987 987 987 987 987 987 987 987 987 987 987 987 987 987 987 987 987 987 987 987 987 987 987 987 987 987 987 987 987 987 987 987 987 987 987 987 987 987 987 987 987 987 987 987 987 987 987 987 987 987 987 987 987 987 987 987 987 987 987 987 987 987 987 987 987 987 987 987 987 987 987 987 987 987 987 987 987 987 987 
987 987 987 987 987 987 987 987 987 987 987 987 987 987 987 987 987 987 987 987 987 987 987 987 987 987 987 987 987 987 987 987 987 987 987 987 987 987 987 987 987 987 987 987 987 987 987 987 987 987 987 987 987 987 987 987 987 987 987 987 987 987 987 987 987 987 987 987 987 987 987 987 987 987 987 987 987 987 987 987 987 987 987 987 987 987 987 987 987 987 987 987 987 987 987 987 987 987 987 987 
987 987 987 987 987 987 987 987 987 987 987 987 987 987 987 987 987 987 987 987 987 987 987 987 987 987 987 987 987 987 987 987 987 987 987 987 987 987 987 987 987 987 987 987 987 987 987 987 987 987 987 987 987 987 987 987 987 987 987 987 987 987 987 987 987 987 987 987 987 987 987 987 987 987 987 987 987 987 987 987 987 987 987 987 987 987 987 987 987 987 987 987 987 987 987 987 987 987 987 987 
987 987 987 987 987 987 987 987 987 987 987 987 987 987 987 987 987 987 987 987 987 987 987 987 987 987 987 987 987 987 987 987 987 987 987 987 987 987 987 987 987 987 987 987 987 987 987 987 987 987 987 987 987 987 987 987 987 987 987 987 987 987 987 987 987 987 987 987 987 987 987 987 987 987 987 987 987 987 987 987 987 987 987 987 987 987 987 987 987 987 987 987 987 987 987 987 987 987 987 987 
987 987 987 987 987 987 987 987 987 987 987 987 987 987 987 987 987 987 987 987 987 987 987 987 987 987 987 987 987 987 987 987 987 987 987 987 987 987 987 987 987 987 987 987 987 987 987 987 987 987 987 987 987 987 987 987 987 987 987 987 987 987 987 987 987 987 987 987 987 987 987 987 987 987 987 987 987 987 987 987 987 987 987 987 987 987 987 987 987 987 987 987 987 987 987 987 987 987 987 987 
