987 987 987 987 987 987 987 987 987 987 987 987 987 987 987 987 987 987 987 987 987 987 987 987 987 987 987 987 987 987 987 987 987 987 987 987 987 987 987 987 987 987 987 987 987 987 987 987 987 987 987 987 987 987 987 987 987 987 987 987 987 987 987 987 987 987 987 987 987 987 987 987 987 987 987 987 987 987 987 987 987 987 987 987 987 987 987 987 987 987 987 987 987 987 987 987 987 987 987 987 
987 987 987 987 987 987 987 987 987 987 987 987 987 987 987 987 987 987 987 987 987 987 987 987 987 987 987 987 987 987 987 987 987 987 987 987 987 987 987 987 987 987 987 987 987 987 987 987 987 987 987 987 987 987 987 987 987 987 987 987 987 987 987 987 987 987 987 987 987 987 987 987 987 987 987 987 987 987 987 987 987 987 987 987 987 987 987 987 987 987 987 987 987 987 987 987 987 987 987 987 
987 987 987 987 987 987 987 987 987 987 987 987 987 987 987 987 987 987 987 987 987 987 987 987 987 987 987 987 987 987 987 987 987 987 987 987 987 987 987 987 987 987 987 987 987 987 987 987 987 987 987 987 987 987 987 987 987 987 987 987 987 987 987 987 987 987 987 987 987 987 987 987 987 987 987 987 987 987 987 987 987 987 987 987 987 987 987 987 987 987 987 987 987 987 987 987 987 987 987 987 
987 987 987 987 987 987 987 987 987 987 987 987 987 987 987 987 987 987 987 987 987 987 987 987 987 987 987 987 987 987 987 987 987 987 987 987 987 987 987 987 987 987 987 987 987 987 987 987 987 987 987 987 987 987 987 987 987 987 987 987 987 987 987 987 987 987 987 987 987 987 987 987 987 987 987 987 987 987 987 987 987 987 987 987 987 987 987 987 987 987 987 987 987 987 987 987 987 987 987 987 
987 987 987 987 987 987 987 987 987 987 987 987 987 987 987 987 987 987 987 987 987 987 987 987 987 987 987 987 987 987 987 987 987 987 987 987 987 987 987 987 987 987 987 987 987 987 987 987 987 987 987 987 987 987 987 987 987 987 987 987 987 987 987 987 987 987 987 987 987 987 987 987 987 987 987 987 987 987 987 987 987 987 987 987 987 987 987 987 987 987 987 987 987 987 987 987 987 987 987 987 
987 987 987 987 987 987 987 987 987 987 987 987 987 987 987 987 987 987 987 987 987 987 987 987 987 987 987 987 987 987 987 987 987 987 987 987 987 987 987 987 987 987 987 987 987 987 987 987 987 987 987 1005 998 998 998 998 998 998 998 1006 987 987 987 987 987 987 987 987 987 987 987 987 987 987 987 987 987 987 987 987 987 987 987 987 987 987 987 987 987 987 987 987 987 987 987 987 987 987 987 987 
987 987 987 987 987 987 987 987 987 987 987 987 987 987 987 987 987 987 987 987 987 987 987 987 987 987 987 987 987 987 987 987 987 987 987 987 987 987 987 987 987 987 987 987 987 987 987 987 987 987 987 996 1005 998 998 998 998 998 1006 1016 987 987 987 987 987 987 987 987 987 987 987 987 987 987 987 987 987 987 987 987 987 987 987 987 987 987 987 987 987 987 987 987 987 987 987 987 987 987 987 987 
987 987 987 987 987 987 987 987 987 987 987 987 987 987 987 987 987 987 987 987 987 987 987 987 987 987 987 987 987 987 987 987 987 987 987 987 987 987 987 987 987 987 987 987 987 987 987 987 987 987 987 1015 1012 1005 998 998 998 1006 1007 1011 987 987 987 987 987 987 987 987 987 987 987 987 987 987 987 987 987 987 987 987 987 987 987 987 987 987 987 987 987 987 987 987 987 987 987 987 987 987 987 987 
987 987 987 987 987 987 987 987 987 987 987 987 987 987 987 987 987 987 987 987 987 987 987 987 987 987 987 987 987 987 987 987 987 987 987 987 987 987 987 987 987 987 987 987 987 987 987 987 987 987 987 996 1014 1010 988 988 988 1013 995 995 987 987 987 987 987 987 987 987 987 987 987 987 987 987 987 987 987 987 987 987 987 987 987 987 987 987 987 987 987 987 987 987 987 987 987 987 987 987 987 987 
987 987 987 987 987 987 987 987 987 987 987 987 987 987 987 987 987 987 987 987 987 987 987 987 987 987 987 987 987 987 987 987 987 987 987 987 987 987 987 987 987 987 987 987 987 987 987 987 987 987 987 1012 996 996 988 988 988 995 1013 1016 987 987 987 987 987 987 987 987 987 987 987 987 987 987 987 987 987 987 987 987 987 987 987 987 987 987 987 987 987 987 987 987 987 987 987 987 987 987 987 987 
987 987 987 987 987 987 987 987 987 987 987 987 987 987 987 987 987 987 987 987 987 987 987 987 987 987 987 987 987 987 987 987 987 987 987 987 987 987 987 987 987 987 987 987 987 987 987 987 987 987 987 996 1015 1008 988 988 988 1011 1007 997 998 998 998 998 998 998 1006 987 987 987 987 987 987 987 987 987 987 987 987 987 987 987 987 987 987 987 987 987 987 987 987 987 987 987 987 987 987 987 987 987 
987 987 987 987 987 987 987 987 987 1005 998 998 998 998 998 998 998 998 998 998 998 998 998 998 998 998 998 998 998 998 998 998 998 998 998 998 998 1006 987 987 987 987 987 987 987 987 987 987 987 987 987 1014 996 1015 988 988 988 1009 997 998 998 998 998 998 998 1006 997 998 1006 987 987 987 987 987 987 987 987 987 987 987 987 987 987 987 987 987 987 987 987 987 987 987 987 987 987 987 987 987 987 987 
987 987 987 987 987 987 987 987 987 996 1005 998 998 998 998 998 998 998 998 998 998 998 998 998 998 998 998 998 998 998 998 998 998 998 998 998 1006 995 987 987 987 987 987 987 987 987 987 987 1005 998 998 999 1010 996 988 988 988 997 998 998 998 998 998 998 1006 997 998 1006 997 1006 987 987 987 987 987 987 987 987 987 987 987 987 987 987 987 987 987 987 987 987 987 987 987 987 987 987 987 987 987 987 
987 987 987 987 987 987 987 987 987 996 1010 987 987 1005 998 998 998 998 998 998 998 998 998 998 998 998 998 998 998 998 998 998 998 998 1006 987 1007 1011 987 987 987 987 987 987 987 1005 998 998 999 1005 998 998 999 996 988 988 988 988 988 988 988 988 988 988 997 998 1006 997 1006 997 998 998 998 998 1006 987 987 987 987 987 987 987 987 987 987 987 987 987 987 987 987 987 987 987 987 987 987 987 987 987 
987 987 987 987 987 987 987 987 987 996 1014 987 987 1014 988 992 993 994 988 988 988 988 988 1027 988 988 988 992 993 993 993 993 994 989 995 987 995 997 998 998 998 998 998 998 998 999 1005 998 998 999 1005 998 998 999 992 994 988 992 993 993 993 993 994 988 988 988 997 1006 997 998 998 998 998 1006 997 998 1006 987 987 987 987 987 987 987 987 987 987 987 987 987 987 987 987 987 987 987 987 987 987 987 
987 987 987 987 987 987 987 987 987 1008 996 987 1005 999 988 1009 987 996 988 1029 988 988 988 1028 988 988 988 995 987 987 987 987 996 988 1013 987 997 998 998 998 998 998 998 998 998 998 999 1005 998 998 999 988 988 988 997 999 988 1016 992 993 993 994 1010 988 988 988 988 997 998 998 998 998 1006 997 998 1006 997 1006 987 987 987 987 987 987 987 987 987 987 987 987 987 987 987 987 987 987 987 987 987 987 
987 987 987 987 987 987 987 987 987 1010 996 987 1012 988 988 1016 987 996 988 988 988 1005 998 1006 988 988 988 1011 987 987 987 987 996 988 997 998 998 998 998 998 998 998 998 998 998 998 998 999 988 988 988 988 1005 998 998 998 1006 995 1011 987 987 996 996 988 988 992 993 993 993 993 993 994 997 998 1006 997 1006 997 1006 987 987 987 987 987 987 987 987 987 987 987 987 987 987 987 987 987 987 987 987 987 
987 987 987 987 987 987 987 987 987 996 1012 987 996 988 988 997 1030 999 1018 1017 1019 993 993 993 991 1018 1019 997 998 1030 998 998 999 988 988 988 988 988 988 988 988 988 988 988 988 988 988 988 988 988 988 988 1012 988 988 988 995 995 995 987 987 996 1014 988 992 993 987 987 987 987 987 1014 988 988 997 1006 997 1006 997 1006 987 987 987 987 987 987 987 987 987 987 987 987 987 987 987 987 987 987 987 987 
987 987 987 987 987 987 987 987 987 996 996 1005 999 988 988 988 988 988 988 988 988 987 987 987 990 988 988 988 988 988 991 988 988 988 992 993 993 993 993 993 994 1018 1019 992 994 988 988 988 988 988 988 988 996 988 988 988 995 1011 1009 987 987 996 996 992 993 987 987 987 987 987 987 996 988 988 988 997 1006 997 1006 997 998 1006 987 987 987 987 987 987 987 987 987 987 987 987 987 987 987 987 987 987 
987 987 987 987 987 987 987 987 987 996 996 1014 988 991 988 988 991 988 988 992 993 993 993 993 993 994 989 992 993 994 990 988 988 988 997 998 998 998 998 998 999 988 988 1013 996 992 993 993 993 993 993 994 996 988 988 988 1007 995 997 998 998 999 1015 1007 987 987 987 987 987 987 987 996 988 988 988 988 997 1006 997 998 1006 997 1006 987 987 987 987 987 987 987 987 987 987 987 987 987 987 987 987 987 
987 987 987 987 987 987 987 987 987 1014 1010 996 988 990 1021 1022 990 1018 1019 995 992 993 993 994 987 996 988 1009 987 1010 1005 998 998 1006 988 988 988 988 989 992 994 988 988 997 999 1009 1005 998 998 998 1006 1010 993 993 993 993 993 995 987 987 987 987 996 997 1030 998 998 998 998 998 998 999 988 988 988 988 988 997 998 1006 997 1006 997 1006 987 987 987 987 987 987 987 987 987 987 987 987 987 987 987 987 
987 987 987 987 987 987 987 987 987 996 996 996 992 994 988 988 1024 988 988 995 1013 992 994 1012 987 996 988 995 987 1014 993 993 993 993 989 988 988 988 988 997 999 988 988 988 988 997 999 988 1029 988 997 999 987 987 987 987 987 997 998 998 998 998 999 988 988 988 988 988 1005 998 998 998 1006 988 991 1021 1022 989 988 997 1006 997 1006 997 1006 987 987 987 987 987 987 987 987 987 987 987 987 987 987 987 
987 987 987 987 987 987 987 987 987 1010 996 1008 1011 996 988 988 1025 988 988 1007 995 997 999 1014 987 1010 988 995 987 1012 987 987 987 989 988 991 988 988 992 993 993 993 994 988 992 993 994 988 988 988 988 988 988 988 988 988 988 988 988 992 994 988 988 992 993 993 994 987 996 988 988 988 997 1006 990 988 988 988 988 988 997 1006 997 1006 997 1006 987 987 987 987 987 987 987 987 987 987 987 987 987 987 
987 987 987 987 987 987 987 987 987 996 996 996 997 999 988 988 992 994 988 995 997 998 998 999 987 1015 988 1007 987 996 988 988 992 994 988 990 988 988 995 989 987 991 1015 988 1016 987 1015 988 988 988 988 988 988 988 992 993 993 993 994 995 996 988 988 1013 991 987 996 987 1012 989 1029 988 991 997 1006 989 1005 998 1006 987 987 997 1006 997 1006 995 987 987 987 987 987 987 987 987 987 987 987 987 987 987 
987 987 987 987 987 987 987 987 987 996 996 996 988 988 1029 988 997 999 988 995 987 987 987 987 987 1014 988 997 998 999 988 988 995 996 988 988 988 988 995 987 987 990 1014 988 995 987 996 988 988 988 988 992 993 993 993 987 987 987 996 1009 1010 988 988 995 990 987 1010 987 996 988 988 988 990 988 997 1006 993 993 993 987 987 989 997 1006 995 1007 987 987 987 987 987 987 987 987 987 987 987 987 987 987 
987 987 987 987 987 987 987 987 987 996 1012 996 991 988 988 988 992 993 994 997 998 998 998 998 998 999 988 988 988 988 988 988 997 999 988 988 988 988 1013 989 987 987 996 988 997 1006 1012 988 988 988 992 993 987 987 987 987 987 991 996 1007 1008 988 988 997 998 1030 999 987 1014 988 991 988 988 988 989 1009 987 991 987 987 987 987 987 1009 995 995 987 987 987 987 987 987 987 987 987 987 987 987 987 987 
987 987 987 987 987 987 987 987 987 996 1015 1010 990 988 988 989 995 987 996 988 988 988 988 991 992 993 993 993 994 992 993 993 993 994 988 988 988 988 997 998 1030 998 999 988 988 997 999 988 988 988 995 987 989 987 989 1021 1022 990 1008 995 1015 988 988 988 988 988 988 987 993 994 990 988 988 988 988 997 1006 990 987 987 987 1029 987 1013 1011 995 987 987 987 987 987 987 987 987 987 987 987 987 987 987 
987 987 987 987 987 987 987 987 987 996 996 1008 988 988 988 988 995 987 1010 992 993 993 994 990 1011 987 987 987 1014 995 992 993 994 996 1021 1022 991 988 988 988 988 988 992 994 988 988 988 988 992 994 997 998 998 998 998 1006 988 1005 999 995 993 993 993 993 994 988 988 987 987 993 994 988 988 989 988 988 997 1006 987 987 987 987 991 995 995 1011 987 987 987 987 987 987 987 987 987 987 987 987 987 987 
987 987 987 987 987 987 987 987 987 996 996 996 988 988 988 988 995 987 996 997 998 998 999 988 995 987 987 987 1015 1013 995 987 996 996 988 988 990 988 988 988 988 988 997 999 1021 1020 1020 1022 997 999 988 988 988 988 988 997 1030 999 988 1009 987 987 987 987 993 994 988 988 987 987 993 993 994 988 988 991 988 995 987 1005 998 1006 990 995 1007 995 987 987 987 987 987 987 987 987 987 987 987 987 987 987 
987 987 987 987 987 987 987 987 987 996 1014 996 992 993 993 994 1011 987 1012 992 993 994 988 988 997 998 998 998 999 995 1011 987 996 996 988 1005 998 998 998 1006 988 988 988 988 988 988 988 988 988 988 988 992 993 994 988 988 988 988 988 1013 987 987 987 987 987 993 994 988 988 992 993 994 1014 988 988 990 988 1007 987 993 993 993 987 995 1009 995 987 987 987 987 987 987 987 987 987 987 987 987 987 987 
987 987 987 987 987 987 987 987 987 1010 996 996 1013 1005 1006 996 997 998 999 995 987 1012 988 988 988 988 988 989 992 993 995 987 996 996 988 996 988 988 988 995 988 988 988 988 988 989 989 989 1021 1020 1022 997 998 999 989 988 988 988 988 995 987 987 987 987 987 987 1015 988 988 1007 987 996 993 994 988 988 988 995 987 987 987 987 987 1009 995 1007 987 987 987 987 987 987 987 987 987 987 987 987 987 987 
987 987 987 987 987 987 987 987 987 996 1008 996 995 993 993 1012 988 988 989 1016 987 996 988 988 1029 988 988 988 995 987 995 987 996 996 987 993 993 993 993 993 992 993 993 993 993 994 988 988 988 988 988 988 988 988 1027 988 988 988 989 997 998 998 998 998 998 998 999 988 988 995 987 1012 987 1015 988 988 988 995 989 987 987 987 987 995 995 995 987 987 987 987 987 987 987 987 987 987 987 987 987 987 
987 987 987 987 987 987 987 987 987 996 996 1010 997 998 998 999 988 988 988 997 998 999 988 988 988 988 988 988 995 987 1007 991 996 996 987 987 987 987 987 987 995 987 987 987 987 996 988 988 988 988 988 988 988 988 1028 988 988 988 988 989 988 988 988 988 988 988 988 988 988 1013 1005 999 987 996 988 1029 991 995 987 987 987 987 987 1011 995 995 987 987 987 987 987 987 987 987 987 987 987 987 987 987 
987 987 987 987 987 987 987 987 987 1012 996 996 988 988 988 988 1021 1022 992 993 994 988 992 994 988 989 988 992 993 987 995 990 996 996 992 993 993 994 987 987 995 987 987 987 987 996 988 988 988 988 988 988 988 991 991 991 988 988 988 988 988 988 989 991 991 991 988 988 988 995 1008 987 987 996 988 988 990 1013 987 987 987 987 987 1007 995 995 987 987 987 987 987 987 987 987 987 987 987 987 987 987 
987 987 987 987 987 987 987 987 987 996 996 1015 988 988 988 988 988 988 995 987 1012 988 997 999 988 992 993 993 987 987 1009 987 996 996 995 992 994 1014 1021 1022 995 1021 1022 991 987 1014 992 994 988 988 992 993 994 990 990 990 988 991 991 991 991 991 988 990 990 990 1021 1020 1022 997 999 1021 1022 993 993 993 993 993 988 988 988 988 988 995 1009 1013 987 987 987 987 987 987 987 987 987 987 987 987 987 987 
987 987 987 987 987 987 987 987 987 996 996 993 993 993 994 988 988 988 995 987 996 988 988 988 988 995 1005 998 1030 1006 995 989 996 996 1016 997 999 996 988 988 995 988 988 990 987 996 997 999 988 988 995 987 1012 988 988 992 994 990 990 990 990 990 988 988 988 988 988 988 988 992 994 988 988 988 988 988 988 988 988 988 988 988 988 995 995 1011 987 987 987 987 987 987 987 987 987 987 987 987 987 987 
987 987 987 987 987 987 987 987 987 1008 996 987 987 987 1008 988 988 988 1007 987 996 988 989 992 994 1013 996 988 988 1009 995 987 996 996 997 998 998 999 988 988 997 998 1006 987 989 996 992 994 988 988 997 998 999 988 988 995 996 988 988 988 988 988 988 988 988 988 988 988 988 1013 996 988 988 988 988 988 992 993 993 993 993 993 994 1009 995 995 987 987 987 987 987 987 987 987 987 987 987 987 987 987 
987 987 987 987 987 987 987 987 987 996 996 987 987 987 1010 988 988 988 997 1006 996 988 988 997 999 995 993 993 993 993 995 987 996 996 988 988 988 988 988 988 988 988 995 987 987 996 997 999 1021 1022 992 993 994 988 988 995 996 991 991 991 991 991 991 991 988 988 988 988 988 995 996 988 988 988 988 992 993 992 993 993 994 987 996 1013 995 995 987 987 987 987 987 987 987 987 987 987 987 987 987 987 
987 987 987 987 987 987 987 987 987 996 1012 987 987 987 996 988 988 988 988 995 1015 988 988 988 988 995 987 987 987 987 995 987 996 996 988 988 988 988 988 988 988 988 997 1006 987 1012 992 994 1021 1022 1009 987 996 988 988 1007 1008 990 990 990 990 990 990 990 992 993 993 993 993 993 996 988 988 988 992 993 992 993 991 987 993 994 1015 995 1007 995 987 987 987 987 987 987 987 987 987 987 987 987 987 987 
987 987 987 987 987 987 987 987 987 1015 996 987 987 987 993 993 993 993 993 993 993 993 993 993 993 993 993 993 993 993 993 993 993 993 994 992 993 993 993 994 1005 998 1006 995 987 1015 997 999 1021 1022 997 998 999 988 988 995 996 988 988 988 988 988 988 988 997 998 998 998 998 995 996 991 991 991 995 987 1011 987 990 987 1005 999 996 1011 995 995 987 987 987 987 987 987 987 987 987 987 987 987 987 987 
987 987 987 987 987 987 987 987 987 996 993 993 993 993 993 993 993 993 993 993 993 993 993 993 993 993 993 993 993 993 993 993 993 994 996 997 998 998 998 999 993 993 993 1009 987 996 988 988 988 988 992 993 994 988 988 995 996 988 988 1029 988 991 991 988 988 988 988 988 988 1011 1012 990 990 990 997 1006 997 998 998 998 999 987 1014 995 995 995 987 987 987 987 987 987 987 987 987 987 987 987 987 987 
987 987 987 987 987 987 987 987 987 993 993 993 993 993 993 993 993 993 993 993 993 993 993 993 993 993 993 993 993 993 993 993 994 996 1012 988 988 1029 988 988 987 987 987 995 987 996 988 988 988 988 995 987 1010 991 991 997 999 992 994 988 988 990 990 988 988 988 988 988 988 995 996 988 988 988 988 997 998 998 998 998 998 998 999 995 1009 1011 987 987 987 987 987 987 987 987 987 987 987 987 987 987 
987 987 987 987 987 987 987 987 987 987 987 987 987 987 987 987 987 987 987 987 987 987 987 987 987 987 987 987 987 987 987 987 996 996 996 988 989 988 988 992 994 988 988 995 989 996 988 988 991 988 997 998 999 990 990 992 993 993 993 993 993 993 993 993 993 994 1018 1017 1019 1016 996 988 988 988 988 988 992 993 993 993 993 993 994 995 995 995 987 987 987 987 987 987 987 987 987 987 987 987 987 987 
987 987 987 987 987 987 987 987 987 987 987 987 987 987 987 987 987 987 987 987 987 987 987 987 987 987 987 987 987 987 987 987 996 1008 996 991 988 988 992 993 993 994 988 995 987 996 988 988 990 988 988 988 1024 988 988 995 987 987 987 987 987 987 987 987 987 996 988 988 988 995 1015 991 988 988 988 991 1009 987 987 987 987 987 1015 995 1013 1007 987 987 987 987 987 987 987 987 987 987 987 987 987 987 
987 987 987 987 987 987 987 987 987 987 987 987 987 987 987 987 987 987 987 987 987 987 987 987 987 987 987 987 987 987 987 987 996 996 1012 990 988 988 1007 987 991 993 994 995 987 996 988 988 988 988 988 988 1025 988 988 997 998 998 998 998 998 1030 998 998 998 999 991 989 989 997 999 990 1021 1020 1022 990 997 998 998 998 998 998 999 995 995 995 987 987 987 987 987 987 987 987 987 987 987 987 987 987 
987 987 987 987 987 987 987 987 987 987 987 987 987 987 987 987 987 987 987 987 987 987 987 987 987 987 987 987 987 987 987 987 996 996 993 994 988 988 997 1006 990 1005 999 1009 987 996 988 992 993 994 988 988 989 992 994 988 988 992 994 992 994 988 988 988 988 988 990 988 1024 988 988 989 988 988 988 988 989 988 988 988 991 988 988 995 1011 995 987 987 987 987 987 987 987 987 987 987 987 987 987 987 
987 987 987 987 987 987 987 987 987 987 987 987 987 987 987 987 987 987 987 987 987 987 987 987 987 987 987 987 987 987 987 987 996 993 994 1015 991 988 989 997 998 999 988 997 1030 999 992 993 987 993 994 988 988 997 999 988 988 1013 996 1016 996 988 988 988 988 988 988 988 1025 988 988 988 991 988 988 988 988 988 988 988 990 988 1029 995 995 995 987 987 987 987 987 987 987 987 987 987 987 987 987 987 
987 987 987 987 987 987 987 987 987 987 987 987 987 987 987 987 987 987 987 987 987 987 987 987 987 987 987 987 987 987 987 987 1012 987 996 996 990 988 988 988 991 988 988 1027 988 992 993 987 987 987 993 994 988 988 988 988 988 1009 1015 995 1010 992 994 988 988 988 991 988 991 988 988 988 990 988 988 988 988 988 992 994 991 988 988 1009 995 1011 987 987 987 987 987 987 987 987 987 987 987 987 987 987 
987 987 987 987 987 987 987 987 987 987 987 987 987 987 987 987 987 987 987 987 987 987 987 987 987 987 987 987 987 987 987 987 996 987 1008 996 988 988 991 988 990 988 988 1028 988 995 987 987 987 987 987 996 988 988 988 988 988 995 1014 1016 996 995 1014 1021 1020 1022 990 988 990 1021 1020 1022 992 993 994 1021 1020 1022 1011 996 990 988 988 995 995 995 987 987 987 987 987 987 987 987 987 987 987 987 987 987 
987 987 987 987 987 987 987 987 987 987 987 987 987 987 987 987 987 987 987 987 987 987 987 987 987 987 987 987 987 987 987 987 996 987 996 996 988 988 990 988 988 988 988 992 994 997 1006 1021 1020 1022 1005 999 988 988 988 988 988 995 1010 1013 1014 1009 1015 988 988 988 991 991 988 988 988 988 1009 987 1013 988 988 988 995 996 991 988 988 1011 995 995 987 987 987 987 987 987 987 987 987 987 987 987 987 987 
987 987 987 987 987 987 987 987 987 987 987 987 987 987 987 987 987 987 987 987 987 987 987 987 987 987 987 987 987 987 987 987 1010 987 996 993 994 988 992 993 993 994 988 995 996 988 997 1006 988 1005 999 992 993 993 993 994 988 1016 996 995 996 1013 996 1021 1020 1022 990 990 989 1021 1020 1022 997 998 999 1021 1020 1022 997 999 990 988 988 1007 995 1013 987 987 987 987 987 987 987 987 987 987 987 987 987 987 
987 987 987 987 987 987 987 987 987 987 987 987 987 987 987 987 987 987 987 987 987 987 987 987 987 987 987 987 987 987 987 987 993 994 993 994 996 992 993 989 1005 999 988 995 1015 988 988 997 1030 999 988 1011 987 987 987 996 988 997 999 997 999 997 999 988 988 988 1027 988 1027 988 988 988 1027 988 1027 988 988 988 1027 988 1027 988 988 995 1009 995 987 987 987 987 987 987 987 987 987 987 987 987 987 987 
987 987 987 987 987 987 987 987 987 987 987 987 987 987 987 987 987 987 987 987 987 987 987 987 987 987 987 987 987 987 987 987 987 993 994 996 1012 997 998 998 999 988 988 997 999 988 988 988 988 988 988 995 987 987 987 1008 988 988 988 988 988 988 988 988 988 988 1028 988 1026 988 989 988 1026 988 1026 988 988 988 1026 988 1026 988 988 995 995 995 987 987 987 987 987 987 987 987 987 987 987 987 987 987 
987 987 987 987 987 987 987 987 987 987 987 987 987 987 987 987 987 987 987 987 987 987 987 987 987 987 987 987 987 987 987 987 987 987 1015 996 993 994 988 991 988 988 992 994 992 993 994 1021 1020 1022 992 993 987 987 987 993 993 993 993 993 993 993 993 993 993 993 994 988 1028 988 988 988 1028 988 1028 988 988 988 1028 988 1028 988 988 995 995 995 987 987 987 987 987 987 987 987 987 987 987 987 987 987 
987 987 987 987 987 987 987 987 987 987 987 987 987 987 987 987 987 987 987 987 987 987 987 987 987 987 987 987 987 987 987 987 987 987 996 993 994 996 988 990 988 992 987 1014 995 987 996 988 988 988 995 987 987 991 987 987 989 987 987 987 987 987 987 987 987 987 993 993 993 993 993 993 993 993 993 993 993 993 993 993 994 988 988 995 1011 995 987 987 987 987 987 987 987 987 987 987 987 987 987 987 
987 987 987 987 987 987 987 987 987 987 987 987 987 987 987 987 987 987 987 987 987 987 987 987 987 987 987 987 987 987 987 987 987 987 996 987 996 996 988 988 988 997 998 999 1011 987 993 994 988 988 995 987 987 990 987 987 992 993 993 993 993 993 993 993 993 993 993 994 987 987 987 987 991 987 989 987 987 987 987 987 1012 988 988 1013 995 995 987 987 987 987 987 987 987 987 987 987 987 987 987 987 
987 987 987 987 987 987 987 987 987 987 987 987 987 987 987 987 987 987 987 987 987 987 987 987 987 987 987 987 987 987 987 987 987 987 1008 987 996 993 994 988 988 988 988 989 997 998 1030 999 988 988 1013 1021 1022 992 993 993 993 989 987 987 991 987 987 987 987 989 987 996 987 987 987 987 990 1029 987 987 987 987 987 987 996 988 988 995 995 995 987 987 987 987 987 987 987 987 987 987 987 987 987 987 
987 987 987 987 987 987 987 987 987 987 987 987 987 987 987 987 987 987 987 987 987 987 987 987 987 987 987 987 987 987 987 987 987 987 996 987 993 994 993 994 988 988 988 988 988 988 988 988 988 989 995 988 992 993 987 991 987 987 987 987 990 987 987 987 987 987 987 993 993 993 993 993 993 993 993 993 993 993 993 994 993 993 993 993 1009 1007 987 987 987 987 987 987 987 987 987 987 987 987 987 987 
987 987 987 987 987 987 987 987 987 987 987 987 987 987 987 987 987 987 987 987 987 987 987 987 987 987 987 987 987 987 987 987 987 987 993 994 987 993 994 993 993 994 988 988 991 988 988 988 988 988 995 987 995 987 987 990 987 987 987 987 987 992 993 993 993 993 993 993 993 993 993 993 993 993 993 993 993 993 994 1014 987 987 987 989 995 995 987 987 987 987 987 987 987 987 987 987 987 987 987 987 
987 987 987 987 987 987 987 987 987 987 987 987 987 987 987 987 987 987 987 987 987 987 987 987 987 987 987 987 987 987 987 987 987 987 987 993 994 987 993 993 994 996 988 988 990 988 988 988 991 988 1016 987 995 989 987 987 987 987 987 987 991 1016 987 987 987 987 987 987 987 987 987 987 987 987 987 987 987 987 996 993 993 993 993 993 993 995 987 987 987 987 987 987 987 987 987 987 987 987 987 987 
987 987 987 987 987 987 987 987 987 987 987 987 987 987 987 987 987 987 987 987 987 987 987 987 987 987 987 987 987 987 987 987 987 987 987 987 993 994 987 987 996 993 994 988 988 988 988 988 990 988 995 987 995 987 992 993 994 1021 1020 1022 990 995 987 987 987 987 987 987 987 987 987 987 987 987 987 987 987 987 993 993 993 993 993 993 993 993 987 987 987 987 987 987 987 987 987 987 987 987 987 987 
987 987 987 987 987 987 987 987 987 987 987 987 987 987 987 987 987 987 987 987 987 987 987 987 987 987 987 987 987 987 987 987 987 987 987 987 987 993 994 987 993 994 993 994 988 988 989 992 993 993 993 987 995 992 993 987 1012 988 988 988 988 995 987 987 987 987 987 987 987 987 987 987 987 987 987 987 987 987 987 987 987 987 987 987 987 987 987 987 987 987 987 987 987 987 987 987 987 987 987 987 
987 987 987 987 987 987 987 987 987 987 987 987 987 987 987 987 987 987 987 987 987 987 987 987 987 987 987 987 987 987 987 987 987 987 987 987 987 987 993 994 987 993 994 993 993 993 993 993 987 987 987 987 995 995 987 987 993 994 987 987 992 993 987 987 987 987 987 987 987 987 987 987 987 987 987 987 987 987 987 987 987 987 987 987 987 987 987 987 987 987 987 987 987 987 987 987 987 987 987 987 
987 987 987 987 987 987 987 987 987 987 987 987 987 987 987 987 987 987 987 987 987 987 987 987 987 987 987 987 987 987 987 987 987 987 987 987 987 987 987 1015 987 987 1008 987 987 987 992 994 987 987 987 987 1016 997 998 998 998 999 987 987 995 987 987 987 987 987 987 987 987 987 987 987 987 987 987 987 987 987 987 987 987 987 987 987 987 987 987 987 987 987 987 987 987 987 987 987 987 987 987 987 
987 987 987 987 987 987 987 987 987 987 987 987 987 987 987 987 987 987 987 987 987 987 987 987 987 987 987 987 987 987 987 987 987 987 987 987 987 987 987 1014 987 987 993 994 987 987 997 999 987 991 987 987 995 987 1024 988 988 987 987 987 1013 987 987 987 987 987 987 987 987 987 987 987 987 987 987 987 987 987 987 987 987 987 987 987 987 987 987 987 987 987 987 987 987 987 987 987 987 987 987 987 
987 987 987 987 987 987 987 987 987 987 987 987 987 987 987 987 987 987 987 987 987 987 987 987 987 987 987 987 987 987 987 987 987 987 987 987 987 987 987 993 994 987 987 993 993 994 987 987 987 990 987 987 995 987 1025 988 987 1029 987 987 1009 987 987 987 987 987 987 987 987 987 987 987 987 987 987 987 987 987 987 987 987 987 987 987 987 987 987 987 987 987 987 987 987 987 987 987 987 987 987 987 
987 987 987 987 987 987 987 987 987 987 987 987 987 987 987 987 987 987 987 987 987 987 987 987 987 987 987 987 987 987 987 987 987 987 987 987 987 987 987 987 993 993 993 994 987 993 994 987 987 987 992 993 993 989 989 988 987 987 987 991 997 1006 987 987 987 987 987 987 987 987 987 987 987 987 987 987 987 987 987 987 987 987 987 987 987 987 987 987 987 987 987 987 987 987 987 987 987 987 987 987 
987 987 987 987 987 987 987 987 987 987 987 987 987 987 987 987 987 987 987 987 987 987 987 987 987 987 987 987 987 987 987 987 987 987 987 987 987 987 987 987 987 987 987 987 994 987 993 993 993 993 993 987 987 987 987 987 987 987 987 990 987 1009 987 987 987 987 987 987 987 987 987 987 987 987 987 987 987 987 987 987 987 987 987 987 987 987 987 987 987 987 987 987 987 987 987 987 987 987 987 987 
987 987 987 987 987 987 987 987 987 987 987 987 987 987 987 987 987 987 987 987 987 987 987 987 987 987 987 987 987 987 987 987 987 987 987 987 987 987 987 987 987 987 987 987 993 993 993 993 993 993 993 993 993 994 987 987 987 987 987 987 987 997 1006 987 987 987 987 987 987 987 987 987 987 987 987 987 987 987 987 987 987 987 987 987 987 987 987 987 987 987 987 987 987 987 987 987 987 987 987 987 
987 987 987 987 987 987 987 987 987 987 987 987 987 987 987 987 987 987 987 987 987 987 987 987 987 987 987 987 987 987 987 987 987 987 987 987 987 987 987 987 987 987 987 987 987 987 987 987 987 987 987 987 987 993 993 993 993 993 993 993 993 993 993 987 987 987 987 987 987 987 987 987 987 987 987 987 987 987 987 987 987 987 987 987 987 987 987 987 987 987 987 987 987 987 987 987 987 987 987 987 
987 987 987 987 987 987 987 987 987 987 987 987 987 987 987 987 987 987 987 987 987 987 987 987 987 987 987 987 987 987 987 987 987 987 987 987 987 987 987 987 987 987 987 987 987 987 987 987 987 987 987 987 987 987 987 987 987 987 987 987 987 987 987 987 987 987 987 987 987 987 987 987 987 987 987 987 987 987 987 987 987 987 987 987 987 987 987 987 987 987 987 987 987 987 987 987 987 987 987 987 
987 987 987 987 987 987 987 987 987 987 987 987 987 987 987 987 987 987 987 987 987 987 987 987 987 987 987 987 987 987 987 987 987 987 987 987 987 987 987 987 987 987 987 987 987 987 987 987 987 987 987 987 987 987 987 987 987 987 987 987 987 987 987 987 987 987 987 987 987 987 987 987 987 987 987 987 987 987 987 987 987 987 987 987 987 987 987 987 987 987 987 987 987 987 987 987 987 987 987 987 
987 987 987 987 987 987 987 987 987 987 987 987 987 987 987 987 987 987 987 987 987 987 987 987 987 987 987 987 987 987 987 987 987 987 987 987 987 987 987 987 987 987 987 987 987 987 987 987 987 987 987 987 987 987 987 987 987 987 987 987 987 987 987 987 987 987 987 987 987 987 987 987 987 987 987 987 987 987 987 987 987 987 987 987 987 987 987 987 987 987 987 987 987 987 987 987 987 987 987 987 
987 987 987 987 987 987 987 987 987 987 987 987 987 987 987 987 987 987 987 987 987 987 987 987 987 987 987 987 987 987 987 987 987 987 987 987 987 987 987 987 987 987 987 987 987 987 987 987 987 987 987 987 987 987 987 987 987 987 987 987 987 987 987 987 987 987 987 987 987 987 987 987 987 987 987 987 987 987 987 987 987 987 987 987 987 987 987 987 987 987 987 987 987 987 987 987 987 987 987 987 
987 987 987 987 987 987 987 987 987 987 987 987 987 987 987 987 987 987 987 987 987 987 987 987 987 987 987 987 987 987 987 987 987 987 987 987 987 987 987 987 987 987 987 987 987 987 987 987 987 987 987 987 987 987 987 987 987 987 987 987 987 987 987 987 987 987 987 987 987 987 987 987 987 987 987 987 987 987 987 987 987 987 987 987 987 987 987 987 987 987 987 987 987 987 987 987 987 987 987 987 
987 987 987 987 987 987 987 987 987 987 987 987 987 987 987 987 987 987 987 987 987 987 987 987 987 987 987 987 987 987 987 987 987 987 987 987 987 987 987 987 987 987 987 987 987 987 987 987 987 987 987 987 987 987 987 987 987 987 987 987 987 987 987 987 987 987 987 987 987 987 987 987 987 987 987 987 987 987 987 987 987 987 987 987 987 987 987 987 987 987 987 987 987 987 987 987 987 987 987 987 
987 987 987 987 987 987 987 987 987 987 987 987 987 987 987 987 987 987 987 987 987 987 987 987 987 987 987 987 987 987 987 987 987 987 987 987 987 987 987 987 987 987 987 987 987 987 987 987 987 987 987 987 987 987 987 987 987 987 987 987 987 987 987 987 987 987 987 987 987 987 987 987 987 987 987 987 987 987 987 987 987 987 987 987 987 987 987 987 987 987 987 987 987 987 987 987 987 987 987 987 
987 987 987 987 987 987 987 987 987 987 987 987 987 987 987 987 987 987 987 987 987 987 987 987 987 987 987 987 987 987 987 987 987 987 987 987 987 987 987 987 987 987 987 987 987 987 987 987 987 987 987 987 987 987 987 987 987 987 987 987 987 987 987 987 987 987 987 987 987 987 987 987 987 987 987 987 987 987 987 987 987 987 987 987 987 987 987 987 987 987 987 987 987 987 987 987 987 987 987 987 
987 987 987 987 987 987 987 987 987 987 987 987 987 987 987 987 987 987 987 987 987 987 987 987 987 987 987 987 987 987 987 987 987 987 987 987 987 987 987 987 987 987 987 987 987 987 987 987 987 987 987 987 987 987 987 987 987 987 987 987 987 987 987 987 987 987 987 987 987 987 987 987 987 987 987 987 987 987 987 987 987 987 987 987 987 987 987 987 987 987 987 987 987 987 987 987 987 987 987 987 
987 987 987 987 987 987 987 987 987 987 987 987 987 987 987 987 987 987 987 987 987 987 987 987 987 987 987 987 987 987 987 987 987 987 987 987 987 987 987 987 987 987 987 987 987 987 987 987 987 987 987 987 987 987 987 987 987 987 987 987 987 987 987 987 987 987 987 987 987 987 987 987 987 987 987 987 987 987 987 987 987 987 987 987 987 987 987 987 987 987 987 987 987 987 987 987 987 987 987 987 
987 987 987 987 987 987 987 987 987 987 987 987 987 987 987 987 987 987 987 987 987 987 987 987 987 987 987 987 987 987 987 987 987 987 987 987 987 987 987 987 987 987 987 987 987 987 987 987 987 987 987 987 987 987 987 987 987 987 987 987 987 987 987 987 987 987 987 987 987 987 987 987 987 987 987 987 987 987 987 987 987 987 987 987 987 987 987 987 987 987 987 987 987 987 987 987 987 987 987 987 
987 987 987 987 987 987 987 987 987 987 987 987 987 987 987 987 987 987 987 987 987 987 987 987 987 987 987 987 987 987 987 987 987 987 987 987 987 987 987 987 987 987 987 987 987 987 987 987 987 987 987 987 987 987 987 987 987 987 987 987 987 987 987 987 987 987 987 987 987 987 987 987 987 987 987 987 987 987 987 987 987 987 987 987 987 987 987 987 987 987 987 987 987 987 987 987 987 987 987 987 
987 987 987 987 987 987 987 987 987 987 987 987 987 987 987 987 987 987 987 987 987 987 987 987 987 987 987 987 987 987 987 987 987 987 987 987 987 987 987 987 987 987 987 987 987 987 987 987 987 987 987 987 987 987 987 987 987 987 987 987 987 987 987 987 987 987 987 987 987 987 987 987 987 987 987 987 987 987 987 987 987 987 987 987 987 987 987 987 987 987 987 987 987 987 987 987 987 987 987 987 
987 987 987 987 987 987 987 987 987 987 987 987 987 987 987 987 987 987 987 987 987 987 987 987 987 987 987 987 987 987 987 987 987 987 987 987 987 987 987 987 987 987 987 987 987 987 987 987 987 987 987 987 987 987 987 987 987 987 987 987 987 987 987 987 987 987 987 987 987 987 987 987 987 987 987 987 987 987 987 987 987 987 987 987 987 987 987 987 987 987 987 987 987 987 987 987 987 987 987 987 
987 987 987 987 987 987 987 987 987 987 987 987 987 987 987 987 987 987 987 987 987 987 987 987 987 987 987 987 987 987 987 987 987 987 987 987 987 987 987 987 987 987 987 987 987 987 987 987 987 987 987 987 987 987 987 987 987 987 987 987 987 987 987 987 987 987 987 987 987 987 987 987 987 987 987 987 987 987 987 987 987 987 987 987 987 987 987 987 987 987 987 987 987 987 987 987 987 987 987 987 
987 987 987 987 987 987 987 987 987 987 987 987 987 987 987 987 987 987 987 987 987 987 987 987 987 987 987 987 987 987 987 987 987 987 987 987 987 987 987 987 987 987 987 987 987 987 987 987 987 987 987 987 987 987 987 987 987 987 987 987 987 987 987 987 987 987 987 987 987 987 987 987 987 987 987 987 987 987 987 987 987 987 987 987 987 987 987 987 987 987 987 987 987 987 987 987 987 987 987 987 
987 987 987 987 987 987 987 987 987 987 987 987 987 987 987 987 987 987 987 987 987 987 987 987 987 987 987 987 987 987 987 987 987 987 987 987 987 987 987 987 987 987 987 987 987 987 987 987 987 987 987 987 987 987 987 987 987 987 987 987 987 987 987 987 987 987 987 987 987 987 987 987 987 987 987 987 987 987 987 987 987 987 987 987 987 987 987 987 987 987 987 987 987 987 987 987 987 987 987 987 
987 987 987 987 987 987 987 987 987 987 987 987 987 987 987 987 987 987 987 987 987 987 987 987 987 987 987 987 987 987 987 987 987 987 987 987 987 987 987 987 987 987 987 987 987 987 987 987 987 987 987 987 987 987 987 987 987 987 987 987 987 987 987 987 987 987 987 987 987 987 987 987 987 987 987 987 987 987 987 987 987 987 987 987 987 987 987 987 987 987 987 987 987 987 987 987 987 987 987 987 
987 987 987 987 987 987 987 987 987 987 987 987 987 987 987 987 987 987 987 987 987 987 987 987 987 987 987 987 987 987 987 987 987 987 987 987 987 987 987 987 987 987 987 987 987 987 987 987 987 987 987 987 987 987 987 987 987 987 987 987 987 987 987 987 987 987 987 987 987 987 987 987 987 987 987 987 987 987 987 987 987 987 987 987 987 987 987 987 987 987 987 987 987 987 987 987 987 987 987 987 
987 987 987 987 987 987 987 987 987 987 987 987 987 987 987 987 987 987 987 987 987 987 987 987 987 987 987 987 987 987 987 987 987 987 987 987 987 987 987 987 987 987 987 987 987 987 987 987 987 987 987 987 987 987 987 987 987 987 987 987 987 987 987 987 987 987 987 987 987 987 987 987 987 987 987 987 987 987 987 987 987 987 987 987 987 987 987 987 987 987 987 987 987 987 987 987 987 987 987 987 
987 987 987 987 987 987 987 987 987 987 987 987 987 987 987 987 987 987 987 987 987 987 987 987 987 987 987 987 987 987 987 987 987 987 987 987 987 987 987 987 987 987 987 987 987 987 987 987 987 987 987 987 987 987 987 987 987 987 987 987 987 987 987 987 987 987 987 987 987 987 987 987 987 987 987 987 987 987 987 987 987 987 987 987 987 987 987 987 987 987 987 987 987 987 987 987 987 987 987 987 
987 987 987 987 987 987 987 987 987 987 987 987 987 987 987 987 987 987 987 987 987 987 987 987 987 987 987 987 987 987 987 987 987 987 987 987 987 987 987 987 987 987 987 987 987 987 987 987 987 987 987 987 987 987 987 987 987 987 987 987 987 987 987 987 987 987 987 987 987 987 987 987 987 987 987 987 987 987 987 987 987 987 987 987 987 987 987 987 987 987 987 987 987 987 987 987 987 987 987 987 
987 987 987 987 987 987 987 987 987 987 987 987 987 987 987 987 987 987 987 987 987 987 987 987 987 987 987 987 987 987 987 987 987 987 987 987 987 987 987 987 987 987 987 987 987 987 987 987 987 987 987 987 987 987 987 987 987 987 987 987 987 987 987 987 987 987 987 987 987 987 987 987 987 987 987 987 987 987 987 987 987 987 987 987 987 987 987 987 987 987 987 987 987 987 987 987 987 987 987 987 
987 987 987 987 987 987 987 987 987 987 987 987 987 987 987 987 987 987 987 987 987 987 987 987 987 987 987 987 987 987 987 987 987 987 987 987 987 987 987 987 987 987 987 987 987 987 987 987 987 987 987 987 987 987 987 987 987 987 987 987 987 987 987 987 987 987 987 987 987 987 987 987 987 987 987 987 987 987 987 987 987 987 987 987 987 987 987 987 987 987 987 987 987 987 987 987 987 987 987 987 
987 987 987 987 987 987 987 987 987 987 987 987 987 987 987 987 987 987 987 987 987 987 987 987 987 987 987 987 987 987 987 987 987 987 987 987 987 987 987 987 987 987 987 987 987 987 987 987 987 987 987 987 987 987 987 987 987 987 987 987 987 987 987 987 987 987 987 987 987 987 987 987 987 987 987 987 987 987 987 987 987 987 987 987 987 987 987 987 987 987 987 987 987 987 987 987 987 987 987 987 
987 987 987 987 987 987 987 987 987 987 987 987 987 987 987 987 987 987 987 987 987 987 987 987 987 987 987 987 987 987 987 987 987 987 987 987 987 987 987 987 987 987 987 987 987 987 987 987 987 987 987 987 987 987 987 987 987 987 987 987 987 987 987 987 987 987 987 987 987 987 987 987 987 987 987 987 987 987 987 987 987 987 987 987 987 987 987 987 987 987 987 987 987 987 987 987 987 987 987 987 
987 987 987 987 987 987 987 987 987 987 987 987 987 987 987 987 987 987 987 987 987 987 987 987 987 987 987 987 987 987 987 987 987 987 987 987 987 987 987 987 987 987 987 987 987 987 987 987 987 987 987 987 987 987 987 987 987 987 987 987 987 987 987 987 987 987 987 987 987 987 987 987 987 987 987 987 987 987 987 987 987 987 987 987 987 987 987 987 987 987 987 987 987 987 987 987 987 987 987 987 
987 987 987 987 987 987 987 987 987 987 987 987 987 987 987 987 987 987 987 987 987 987 987 987 987 987 987 987 987 987 987 987 987 987 987 987 987 987 987 987 987 987 987 987 987 987 987 987 987 987 987 987 987 987 987 987 987 987 987 987 987 987 987 987 987 987 987 987 987 987 987 987 987 987 987 987 987 987 987 987 987 987 987 987 987 987 987 987 987 987 987 987 987 987 987 987 987 987 987 987 
987 987 987 987 987 987 987 987 987 987 987 987 987 987 987 987 987 987 987 987 987 987 987 987 987 987 987 987 987 987 987 987 987 987 987 987 987 987 987 987 987 987 987 987 987 987 987 987 987 987 987 987 987 987 987 987 987 987 987 987 987 987 987 987 987 987 987 987 987 987 987 987 987 987 987 987 987 987 987 987 987 987 987 987 987 987 987 987 987 987 987 987 987 987 987 987 987 987 987 987 
987 987 987 987 987 987 987 987 987 987 987 987 987 987 987 987 987 987 987 987 987 987 987 987 987 987 987 987 987 987 987 987 987 987 987 987 987 987 987 987 987 987 987 987 987 987 987 987 987 987 987 987 987 987 987 987 987 987 987 987 987 987 987 987 987 987 987 987 987 987 987 987 987 987 987 987 987 987 987 987 987 987 987 987 987 987 987 987 987 987 987 987 987 987 987 987 987 987 987 987 
