500 500 500 500 500 500 500 500 500 500 500 500 500 500 500 500 500 500 500 500 500 500 500 500 500 500 500 500 500 500 512 512 500 500 500 500 500 500 500 500 500 500 500 500 500 500 500 500 500 500 500 500 500 512 512 500 500 500 500 500 500 500 500 500 500 500 500 512 512 500 500 500 500 500 500 500 500 500 500 500 500 500 500 500 500 500 500 500 500 500 500 500 500 500 500 500 500 500 500 500 
500 500 500 500 500 500 500 500 500 500 500 500 500 500 500 500 500 500 500 500 500 500 500 500 500 500 500 500 500 500 512 512 500 500 500 500 500 500 500 500 500 500 500 500 500 500 500 500 500 500 500 500 500 512 512 500 500 500 500 500 500 500 500 500 500 500 500 512 512 500 500 500 500 500 500 500 500 500 500 500 500 500 500 500 500 500 500 500 500 500 500 500 500 500 500 500 500 500 500 500 
500 500 500 500 500 500 500 500 500 500 500 500 500 500 500 500 500 500 500 500 500 500 500 500 500 500 500 500 500 500 512 512 500 500 500 500 500 500 500 500 500 500 500 500 500 500 500 500 500 500 500 500 500 512 512 500 500 500 500 500 500 500 500 500 500 500 500 512 512 500 500 500 500 500 500 500 500 500 500 500 500 500 500 500 500 500 500 500 500 500 500 500 500 500 500 500 500 500 500 500 
500 500 500 500 500 500 500 500 500 500 500 500 500 500 500 500 500 500 500 500 500 500 500 500 500 500 500 500 500 500 512 512 500 500 500 500 500 500 500 500 500 500 500 500 500 500 500 500 500 500 500 500 500 512 512 500 500 500 500 500 500 500 500 500 500 500 500 512 512 500 500 500 500 500 500 500 500 500 500 500 500 500 500 500 500 500 500 500 500 500 500 500 500 500 500 500 500 500 500 500 
500 500 500 500 500 500 500 500 500 500 500 500 500 500 500 500 500 500 500 500 500 500 500 500 500 500 500 500 500 500 512 512 500 500 500 500 500 500 500 500 500 500 500 500 500 500 500 500 500 500 500 500 500 512 512 500 500 500 500 500 500 500 500 500 500 500 500 512 512 500 500 500 500 500 500 500 500 500 500 500 500 500 500 500 500 500 500 500 500 500 500 500 500 500 500 500 500 500 500 500 
500 500 500 500 500 500 500 500 500 500 500 500 500 500 500 500 500 500 500 500 500 500 500 500 500 500 500 500 500 500 512 512 500 500 500 500 500 500 500 500 500 500 500 500 500 500 500 500 500 500 500 500 500 512 512 500 500 500 500 500 500 500 500 500 500 500 500 512 512 500 500 500 500 500 500 500 500 500 500 500 500 500 500 500 500 500 500 500 500 500 500 500 500 500 500 500 500 500 500 500 
500 500 500 500 500 500 500 500 500 500 500 500 500 500 500 500 500 500 500 500 500 500 500 500 500 500 500 500 500 500 512 512 571 500 500 500 500 500 500 500 500 500 500 500 503 500 500 500 500 500 500 500 503 512 512 500 500 500 500 500 500 500 500 500 500 500 500 512 512 500 500 500 500 500 500 500 500 500 500 500 500 500 500 500 500 500 500 500 500 500 500 500 500 500 500 500 500 500 500 500 
500 500 500 500 500 500 500 500 500 500 500 500 500 500 500 500 500 500 500 500 500 500 500 500 500 500 500 500 500 500 512 512 500 500 500 503 502 500 500 500 571 500 500 500 500 502 500 500 500 500 500 500 500 512 512 500 501 500 500 500 500 500 500 500 500 500 500 512 512 500 500 500 500 500 500 500 500 500 500 500 500 500 500 500 500 500 500 500 500 500 500 500 500 500 500 500 500 500 500 500 
500 500 500 500 500 500 500 500 500 500 500 500 500 500 500 500 500 500 500 500 500 500 500 500 500 500 500 500 500 500 512 512 500 500 500 502 500 500 501 500 502 544 545 501 500 500 500 500 500 500 503 500 500 512 512 500 500 500 500 500 500 500 500 500 500 500 500 512 512 500 500 500 500 500 500 500 500 500 500 500 500 500 500 500 500 500 500 500 500 500 500 500 500 500 500 500 500 500 500 500 
500 500 500 500 500 500 500 500 500 500 500 500 500 500 500 500 500 500 500 500 500 500 500 500 503 500 500 500 502 500 512 512 500 503 500 500 500 500 503 500 500 546 547 500 488 489 490 491 500 502 500 500 500 512 512 502 503 500 500 502 500 500 500 500 500 500 500 512 512 500 500 500 500 500 500 500 500 500 500 500 500 500 500 500 500 500 500 500 500 500 500 500 500 500 500 500 500 500 500 500 
500 500 500 500 500 500 500 500 500 500 500 500 500 500 500 500 500 500 500 500 501 572 502 500 500 500 503 500 572 500 512 512 500 500 500 501 502 500 500 500 500 548 549 500 497 498 499 492 500 500 500 571 500 512 512 500 502 500 501 500 500 500 500 500 500 500 500 512 512 500 500 500 500 500 500 500 500 500 500 500 500 500 500 500 500 500 500 500 500 500 500 500 500 500 500 500 500 500 500 500 
500 500 500 500 500 500 500 500 500 500 500 500 500 500 500 500 500 500 500 500 500 503 500 500 502 500 500 500 500 500 512 512 501 500 500 500 500 500 501 500 500 550 551 500 496 494 495 493 500 571 500 500 500 512 512 502 572 500 500 500 571 500 500 500 500 500 500 512 512 500 500 500 500 500 500 500 500 500 500 500 500 500 500 500 500 500 500 500 500 500 500 500 500 500 500 500 500 500 500 500 
500 500 500 500 500 500 500 500 500 500 500 500 500 500 500 500 500 500 501 500 500 500 500 500 571 500 500 504 500 500 512 512 500 502 503 500 503 502 500 502 503 552 553 502 500 501 500 571 502 500 502 500 500 512 512 571 500 500 503 500 500 500 500 500 502 500 500 512 512 500 500 500 500 500 500 500 500 500 500 500 500 500 500 500 500 500 500 500 500 500 500 500 500 500 500 500 500 500 500 500 
500 500 500 500 500 500 500 500 500 500 500 500 500 500 500 500 500 500 502 503 500 572 518 516 516 520 500 500 500 501 512 512 500 501 502 500 500 518 516 516 516 554 555 516 516 516 516 516 520 500 572 500 518 513 513 516 516 520 500 500 502 503 503 500 500 500 500 512 512 500 500 500 500 500 500 500 500 500 500 500 500 500 500 500 500 500 500 500 500 500 500 500 500 500 500 500 500 500 500 500 
500 500 500 500 500 500 500 500 500 500 500 500 500 500 500 500 502 500 500 500 500 518 517 505 505 519 516 520 571 500 512 512 502 500 518 516 516 517 505 505 506 556 557 505 505 505 505 505 522 500 500 518 517 505 505 505 505 519 516 520 500 500 500 500 501 500 500 512 512 500 500 500 500 500 500 500 500 500 500 500 500 500 500 500 500 500 500 500 500 500 500 500 500 500 500 500 500 500 500 500 
500 500 500 500 500 500 500 500 500 500 500 500 500 500 500 500 501 502 500 571 500 521 505 514 514 514 514 519 516 520 512 512 500 518 517 505 505 509 505 506 505 508 505 508 505 505 505 505 519 520 518 517 505 505 505 523 524 505 505 522 500 501 500 500 500 503 500 512 512 500 500 500 500 500 500 500 500 500 500 500 500 500 500 500 500 500 500 500 500 500 500 500 500 500 500 500 500 500 500 500 
500 500 500 500 500 500 500 500 500 500 500 500 500 500 500 500 500 500 500 500 518 517 510 505 505 505 505 505 505 519 513 513 520 521 510 523 524 505 507 505 505 505 508 509 505 508 505 509 505 519 517 505 505 505 505 525 526 505 505 519 516 520 500 503 500 500 500 512 512 500 500 500 500 500 500 500 500 500 500 500 500 500 500 500 500 500 500 500 500 500 500 500 500 500 500 500 500 500 500 500 
500 500 500 500 500 500 500 500 500 500 500 500 500 500 500 500 500 572 502 500 521 505 505 505 505 505 505 510 505 505 505 505 519 517 505 525 526 505 505 508 523 524 505 505 507 505 506 505 505 505 505 515 514 514 514 514 514 523 527 524 505 522 500 500 503 500 501 512 512 500 500 500 500 500 500 500 500 500 500 500 500 500 500 500 500 500 500 500 500 500 500 500 500 500 500 500 500 500 500 500 
500 500 500 500 500 500 500 500 500 500 500 500 500 500 503 500 500 500 500 518 517 505 505 509 505 505 505 505 505 505 505 505 505 505 505 510 505 507 506 509 525 526 514 514 514 514 514 514 514 514 514 517 505 505 505 505 505 535 543 537 505 522 571 500 500 500 503 512 512 500 500 500 500 500 500 500 500 500 500 500 500 500 500 500 500 500 500 500 500 500 500 500 500 500 500 500 500 500 500 500 
500 500 500 500 500 500 500 500 500 500 500 500 500 500 500 500 571 500 501 521 523 527 527 527 527 527 527 527 527 524 505 505 505 505 509 505 505 505 508 505 505 509 505 523 527 527 527 527 527 527 527 527 527 527 527 527 527 528 541 537 505 519 516 520 500 572 500 512 512 502 500 500 500 500 500 500 500 500 500 500 500 500 500 500 500 500 500 500 500 500 500 500 500 500 500 500 500 500 500 500 
500 500 500 500 500 500 500 500 500 500 500 500 500 500 500 500 500 500 518 517 535 530 527 527 527 527 527 531 543 529 527 527 524 523 524 505 508 507 506 505 523 527 527 528 543 543 530 527 527 527 527 527 527 527 527 527 527 527 531 529 527 527 524 519 520 503 501 512 512 500 501 500 500 500 500 500 500 500 500 500 500 500 500 500 500 500 500 500 500 500 500 500 500 500 500 500 500 500 500 500 
500 500 500 500 500 500 500 500 500 500 500 500 500 500 572 500 500 502 521 523 528 536 543 543 530 531 543 538 543 543 543 542 537 525 526 506 505 508 505 505 535 530 527 527 527 527 528 530 527 527 527 527 527 527 527 527 527 531 529 527 527 531 529 524 522 500 500 512 512 500 500 500 502 500 500 500 500 500 500 500 500 500 500 500 500 500 500 500 500 500 500 500 500 500 500 500 500 500 500 500 
500 500 500 500 500 500 500 500 500 500 500 500 500 500 500 502 500 500 521 535 543 536 543 543 532 533 539 533 543 541 543 543 537 505 505 505 508 505 505 505 535 536 543 543 543 542 543 532 534 534 534 534 540 543 539 534 534 533 539 534 534 533 539 526 522 572 500 512 512 503 502 500 500 500 500 500 500 500 500 500 500 500 500 500 500 500 500 500 500 500 500 500 500 500 500 500 500 500 500 500 
500 500 500 500 500 500 500 500 500 500 500 500 500 500 500 500 500 503 521 535 543 536 543 543 539 534 533 543 543 539 534 534 526 505 506 507 505 505 523 524 535 532 534 534 534 534 534 534 534 534 540 543 536 543 538 539 534 534 533 543 542 543 537 505 519 520 500 512 512 503 500 501 500 572 500 500 500 500 500 500 500 500 500 500 500 500 500 500 500 500 500 500 500 500 500 500 500 500 500 500 
500 500 500 500 500 500 500 500 500 500 500 500 500 500 502 500 500 518 517 535 543 536 543 543 538 539 534 534 534 526 505 509 505 506 505 508 505 505 525 526 525 534 534 534 540 543 543 543 543 543 535 543 536 541 538 538 539 534 534 534 534 534 526 505 505 522 503 512 512 500 572 500 503 500 500 500 500 500 500 500 500 500 500 500 500 500 500 500 500 500 500 500 500 500 500 500 500 500 500 500 
500 500 500 500 500 500 500 500 500 500 500 500 500 500 500 572 500 521 505 535 543 536 543 543 538 537 505 505 510 505 505 505 505 505 507 508 505 508 505 505 505 505 505 510 525 534 534 534 534 540 535 543 532 540 538 538 537 523 524 505 505 509 505 505 505 522 500 512 512 503 500 500 501 500 500 500 500 500 500 500 500 500 500 500 500 500 500 500 500 500 500 500 500 500 500 500 500 500 500 500 
500 500 500 500 500 500 500 500 500 500 500 500 500 500 503 500 500 521 523 528 543 536 543 543 538 537 505 505 511 505 505 505 505 506 505 505 506 505 506 507 505 508 505 505 505 505 511 511 511 535 532 534 540 536 538 538 537 525 526 505 505 505 505 505 505 522 502 512 512 500 501 502 500 500 501 502 500 500 500 500 500 500 500 500 500 500 500 500 500 500 500 500 500 500 500 500 500 500 500 500 
500 500 500 500 500 500 500 500 500 500 500 500 500 500 500 500 500 521 535 543 543 532 540 543 538 537 510 511 511 511 505 505 507 505 505 511 511 505 505 505 505 505 505 505 508 505 505 511 511 535 543 542 536 536 538 538 537 505 505 505 511 511 505 505 505 519 516 513 513 516 520 500 500 500 500 500 500 500 500 500 500 500 500 500 500 500 500 500 500 500 500 500 500 500 500 500 500 500 500 500 
500 500 500 500 500 500 500 500 500 500 500 500 500 500 500 503 502 521 535 543 543 542 536 543 538 537 505 511 511 511 505 506 505 505 511 511 523 527 527 524 505 505 507 505 505 509 505 505 511 535 543 543 536 536 538 538 537 505 505 511 511 511 511 505 505 523 524 505 505 505 522 500 500 572 501 500 500 500 500 500 500 500 500 500 500 500 500 500 500 500 500 500 500 500 500 500 500 500 500 500 
500 500 500 500 500 500 500 500 500 500 500 500 500 500 500 500 500 521 535 543 543 543 536 539 533 537 505 511 505 505 506 505 505 505 511 523 528 542 543 529 527 524 505 505 505 508 505 509 505 525 540 543 536 536 538 538 537 505 505 511 511 511 511 505 505 525 526 505 505 505 522 501 503 500 500 500 500 500 500 500 500 500 500 500 500 500 500 500 500 500 500 500 500 500 500 500 500 500 500 500 
500 500 500 500 500 500 500 500 500 500 500 500 500 572 500 500 502 521 535 530 531 543 536 538 539 526 505 505 505 505 505 505 508 509 505 535 543 530 531 543 543 537 505 505 506 505 505 505 505 510 535 543 536 536 538 538 537 509 505 511 511 511 511 505 505 505 505 505 505 505 522 502 500 503 500 500 500 500 500 500 500 500 500 500 500 500 500 500 500 500 500 500 500 500 500 500 500 500 500 500 
500 500 500 500 500 500 500 500 500 500 500 500 500 500 500 500 518 517 535 532 533 543 536 538 537 511 511 505 505 505 505 505 505 508 505 535 543 532 533 543 543 529 524 505 505 505 508 505 505 505 535 543 536 536 538 538 537 505 505 505 511 511 505 505 505 505 505 505 510 505 522 500 500 500 500 572 500 500 500 500 500 500 500 500 500 500 500 500 500 500 500 500 500 500 500 500 500 500 500 500 
500 500 500 500 500 500 500 500 500 500 500 500 500 500 500 502 521 505 535 543 543 543 536 538 537 511 511 523 524 505 507 505 505 505 505 525 540 543 543 543 543 543 537 505 505 505 505 505 523 524 535 543 536 536 538 538 537 505 505 505 505 505 505 505 505 505 505 505 505 505 522 572 500 501 500 500 500 500 500 500 500 500 500 500 500 500 500 500 500 500 500 500 500 500 500 500 500 500 500 500 
500 500 500 500 500 500 500 500 500 500 500 500 503 500 500 500 521 505 535 543 543 543 536 538 537 511 511 525 526 505 505 506 510 505 505 511 525 534 540 543 541 539 526 505 507 506 505 505 525 526 535 543 536 536 538 538 529 524 510 505 505 505 505 505 505 509 505 505 523 524 522 500 502 571 500 500 500 500 500 500 500 500 500 500 500 500 500 500 500 500 500 500 500 500 500 500 500 500 500 500 
500 500 500 500 500 500 500 500 500 500 500 500 500 502 500 503 521 505 535 542 543 543 536 538 529 527 527 524 505 505 511 505 505 508 505 505 511 511 525 534 534 526 505 505 505 505 505 505 505 510 535 542 536 536 538 527 527 527 527 527 527 527 527 527 524 505 505 505 525 526 522 503 502 571 500 572 500 500 500 500 500 500 500 500 500 500 500 500 500 500 500 500 500 500 500 500 500 500 500 500 
500 500 500 500 500 500 500 500 500 500 500 500 500 500 500 500 521 505 535 543 543 530 528 529 527 531 543 537 505 511 511 511 505 505 506 505 505 505 505 505 505 505 523 524 506 505 508 505 505 505 535 543 536 536 529 527 527 527 527 527 531 542 543 543 529 527 524 505 505 505 522 500 500 500 500 500 503 500 500 500 500 500 500 500 500 500 500 500 500 500 500 500 500 500 500 500 500 500 500 500 
500 500 500 500 500 500 500 500 500 500 500 500 502 500 500 500 521 505 535 543 543 536 530 531 543 538 543 537 505 511 511 511 511 505 505 505 507 505 505 506 505 508 525 526 505 505 505 505 505 505 535 543 536 536 543 543 543 543 543 543 529 531 543 543 543 543 537 505 505 505 522 501 500 503 500 500 500 500 500 500 500 500 500 500 500 500 500 500 500 500 500 500 500 500 500 500 500 500 500 500 
500 500 500 500 500 500 500 500 500 500 500 500 500 503 500 502 521 505 525 540 543 536 536 538 543 538 543 537 505 505 511 511 505 505 505 511 511 505 508 505 505 505 505 506 507 505 505 509 505 505 535 543 536 536 543 530 531 543 543 543 543 529 527 531 543 541 537 523 524 505 522 500 500 572 503 500 500 500 500 500 500 500 500 500 500 500 500 500 500 500 500 500 500 500 500 500 500 500 500 500 
500 500 500 500 500 500 500 500 500 500 500 500 500 500 501 500 521 505 505 535 543 536 536 529 531 538 542 529 527 524 523 524 505 505 505 511 505 505 505 511 505 507 505 505 508 505 505 523 527 527 528 543 536 536 543 532 533 543 543 543 543 543 543 529 527 531 537 525 526 505 522 500 571 500 500 500 500 500 500 500 500 500 500 500 500 500 500 500 500 500 500 500 500 500 500 500 500 500 500 500 
500 500 500 500 500 500 500 500 500 500 500 502 501 502 500 500 521 505 505 525 540 536 536 543 538 538 543 543 543 537 525 526 505 509 505 505 505 505 511 511 511 505 505 505 505 505 505 535 543 530 527 527 528 536 543 543 543 543 543 543 543 543 543 543 543 538 537 505 505 505 522 572 500 500 500 502 500 500 500 500 500 500 500 500 500 500 500 500 500 500 500 500 500 500 500 500 500 500 500 500 
500 500 500 500 500 500 500 500 500 500 500 500 500 500 500 500 521 505 505 505 535 536 536 543 538 529 527 531 543 537 511 505 505 505 505 505 505 505 511 511 511 511 505 505 505 505 511 535 543 536 543 541 543 536 543 543 543 543 543 543 543 543 543 543 543 538 537 505 505 505 522 502 500 502 503 500 501 500 500 500 500 500 500 500 500 500 500 500 500 500 500 500 500 500 500 500 500 500 500 500 
500 500 500 500 500 500 500 500 500 500 572 500 500 571 500 503 521 505 505 505 535 536 536 543 529 527 531 538 543 537 511 511 511 505 505 505 505 505 505 511 505 505 505 510 505 511 511 535 543 536 530 527 527 528 543 543 543 543 543 543 543 543 543 543 543 538 537 511 511 511 522 500 500 500 500 500 500 500 500 500 500 500 500 500 500 500 500 500 500 500 500 500 500 500 500 500 500 500 500 500 
500 500 500 500 500 500 500 500 500 500 500 500 502 500 500 502 521 505 505 505 535 536 536 543 543 543 538 538 542 529 527 524 511 511 505 505 505 509 505 523 524 523 527 527 527 527 527 528 543 536 536 543 543 543 543 543 543 543 543 543 543 543 543 543 543 538 537 511 511 511 522 572 500 502 500 572 500 500 500 500 500 500 500 500 500 500 500 500 500 500 500 500 500 500 500 500 500 500 500 500 
500 500 500 500 500 500 500 500 500 500 500 500 503 502 500 518 517 505 505 505 535 536 536 543 543 543 538 538 543 543 543 537 511 511 511 511 505 505 505 525 526 535 543 543 530 527 527 527 527 528 536 543 543 543 543 543 543 543 543 543 543 543 543 543 543 538 537 505 505 505 522 502 500 500 500 500 502 500 500 500 500 500 500 500 500 500 500 500 500 500 500 500 500 500 500 500 500 500 500 500 
500 500 500 500 500 500 500 500 500 500 500 500 500 500 501 521 505 505 505 505 535 536 536 543 543 543 538 529 527 531 543 529 527 527 527 527 527 527 527 527 527 528 542 543 536 543 530 527 527 527 528 543 543 543 543 543 543 543 543 543 543 543 543 543 543 538 537 505 505 505 522 500 500 503 500 501 500 500 500 500 500 500 500 500 500 500 500 500 500 500 500 500 500 500 500 500 500 500 500 500 
500 500 500 500 500 500 500 500 500 500 500 500 500 572 571 521 505 505 505 505 535 536 536 543 543 543 529 531 543 529 527 527 527 527 527 527 527 527 527 527 527 527 527 527 528 530 528 543 543 543 543 543 543 543 543 543 543 543 543 543 543 543 543 543 539 533 529 527 527 524 522 502 500 500 500 500 500 502 500 500 500 500 500 500 500 500 500 500 500 500 500 500 500 500 500 500 500 500 500 500 
500 500 500 500 500 500 500 500 500 500 500 500 500 500 500 521 523 527 527 527 528 536 536 543 543 543 543 529 531 543 543 543 543 541 543 543 543 543 543 543 543 543 543 543 543 536 543 543 543 543 543 543 543 543 543 543 543 543 543 543 543 543 543 543 538 543 543 543 541 537 522 500 571 500 500 572 500 500 500 500 500 500 500 500 500 500 500 500 500 500 500 500 500 500 500 500 500 500 500 500 
500 500 500 500 500 500 500 500 500 500 500 500 500 500 500 521 535 530 527 527 527 528 536 543 543 543 543 543 529 527 527 527 527 527 527 527 527 527 527 527 527 527 527 527 527 528 543 543 543 543 543 543 543 543 543 543 543 543 543 543 543 543 543 543 538 543 530 531 543 537 522 500 500 500 500 502 500 501 500 500 500 500 500 500 500 500 500 500 500 500 500 500 500 500 500 500 500 500 500 500 
500 500 500 500 500 500 500 500 500 500 500 500 500 500 500 521 535 536 530 527 527 527 528 543 543 543 543 543 543 543 543 543 543 543 543 543 543 543 543 543 543 543 543 543 543 543 543 543 543 543 543 543 543 543 543 543 543 543 543 543 543 543 543 543 538 543 532 533 543 537 522 503 500 502 500 500 500 500 500 500 500 500 500 500 500 500 500 500 500 500 500 500 500 500 500 500 500 500 500 500 
500 500 500 500 500 500 500 500 500 500 500 500 500 500 500 521 535 536 536 543 543 543 543 543 543 543 543 543 543 543 543 543 543 543 543 543 543 543 543 543 543 543 543 543 543 543 543 543 543 543 543 543 543 543 543 543 543 543 543 543 539 534 534 534 533 541 543 543 543 537 522 500 500 500 501 500 500 500 502 500 500 500 500 500 500 500 500 500 500 500 500 500 500 500 500 500 500 500 500 500 
500 500 500 500 500 500 500 500 500 500 500 500 500 500 500 521 535 536 536 543 543 543 543 543 543 543 543 543 543 543 543 543 543 543 543 543 543 543 543 543 543 543 543 543 543 543 543 543 543 543 543 539 534 534 534 534 534 534 534 534 533 542 543 543 543 543 543 539 534 526 522 502 500 571 500 500 500 500 500 500 500 500 500 500 500 500 500 500 500 500 500 500 500 500 500 500 500 500 500 500 
500 500 500 500 500 500 500 500 500 500 500 500 500 500 500 521 535 536 536 543 543 543 543 543 543 543 543 543 543 543 543 543 543 543 543 543 543 543 543 543 543 543 543 543 543 543 543 543 543 543 539 533 542 530 531 543 543 543 543 543 543 543 543 539 534 534 534 526 505 23 522 500 500 503 500 502 500 501 500 500 500 500 500 500 500 500 500 500 500 500 500 500 500 500 500 500 500 500 500 500 
500 500 500 500 500 500 500 500 500 500 500 500 500 500 500 521 535 536 536 543 543 543 543 543 543 543 543 543 543 543 543 543 543 543 543 543 543 543 543 543 543 543 543 543 543 543 543 543 543 543 538 541 543 532 533 539 534 534 534 534 534 534 534 526 510 505 505 505 505 505 522 503 500 500 500 500 500 502 500 500 500 500 500 500 500 500 500 500 500 500 500 500 500 500 500 500 500 500 500 500 
500 500 500 500 500 500 500 500 500 500 500 500 500 500 500 521 535 536 536 543 543 543 543 543 543 543 543 543 543 543 543 543 543 543 543 543 543 543 543 543 543 543 543 543 543 543 543 543 543 543 538 543 539 534 534 526 510 505 505 505 505 505 505 505 505 505 505 505 505 505 522 500 500 502 500 572 500 502 500 500 500 500 500 500 500 500 500 500 500 500 500 500 500 500 500 500 500 500 500 500 
500 500 500 500 500 500 500 500 500 500 500 500 500 500 500 521 535 536 536 543 543 543 543 543 543 543 543 543 543 543 543 543 543 543 543 543 543 543 543 543 543 543 543 543 543 543 543 543 543 543 538 543 537 505 505 505 523 524 505 505 505 505 505 505 505 505 505 505 505 505 522 500 572 500 501 500 500 500 500 500 500 500 500 500 500 500 500 500 500 500 500 500 500 500 500 500 500 500 500 500 
500 500 500 500 500 500 500 500 500 500 500 500 500 500 518 517 535 536 536 543 543 543 543 543 543 543 543 543 543 543 543 543 543 543 543 543 543 543 543 543 543 543 543 543 543 543 543 543 543 543 538 543 537 505 507 505 525 526 505 505 509 505 505 558 559 559 559 559 560 505 522 571 500 500 500 500 500 500 500 500 500 500 500 500 500 500 500 500 500 500 500 500 500 500 500 500 500 500 500 500 
500 500 500 500 500 500 500 500 500 500 500 500 500 500 521 505 535 536 536 543 543 543 543 543 543 543 543 543 543 543 543 543 543 543 543 543 543 543 543 543 543 543 543 543 543 543 543 543 543 543 538 543 537 510 505 506 505 505 509 505 505 505 505 168 169 169 169 169 170 505 522 500 500 502 500 572 500 501 500 500 500 500 500 500 500 500 500 500 500 500 500 500 500 500 500 500 500 500 500 500 
500 500 500 500 500 500 500 500 500 500 500 500 500 500 521 505 535 536 536 543 543 543 543 543 543 543 543 543 543 543 543 543 543 543 543 543 543 543 543 543 543 543 543 543 543 543 543 543 543 543 538 543 529 524 505 505 505 505 505 510 523 524 509 561 172 172 172 172 562 505 519 520 503 503 500 500 500 500 500 500 500 500 500 500 500 500 500 500 500 500 500 500 500 500 500 500 500 500 500 500 
500 500 500 500 500 500 500 500 500 500 500 500 500 500 521 505 535 536 536 543 543 543 543 543 543 543 543 543 543 543 543 543 543 543 543 543 543 543 543 543 543 543 543 543 543 543 543 543 543 543 538 543 542 537 505 505 505 508 505 505 525 526 505 563 175 176 177 178 564 505 505 522 500 572 500 500 503 500 503 500 500 500 500 500 500 500 500 500 500 500 500 500 500 500 500 500 500 500 500 500 
500 500 500 500 500 500 500 500 500 500 500 500 500 500 521 505 535 536 536 543 543 543 543 543 543 543 543 543 543 543 543 543 543 543 543 543 543 543 543 543 543 543 543 543 543 543 543 543 543 543 538 543 543 529 524 505 505 505 505 508 505 505 505 565 566 567 568 569 570 505 505 522 500 501 500 500 500 500 500 500 500 500 500 500 500 500 500 500 500 500 500 500 500 500 500 500 500 500 500 500 
500 500 500 500 500 500 500 500 500 500 500 500 500 500 521 505 535 543 543 543 543 543 543 543 543 543 543 543 543 543 543 543 543 543 543 543 543 543 543 543 543 543 543 543 543 543 543 543 543 543 538 543 543 543 537 505 505 506 505 505 507 505 505 505 505 506 505 505 505 505 509 522 500 500 500 500 500 500 502 500 500 500 500 500 500 500 500 500 500 500 500 500 500 500 500 500 500 500 500 500 
500 500 500 500 500 500 500 500 500 500 500 500 500 518 517 505 535 543 543 543 543 543 543 543 543 543 543 543 543 543 543 543 543 543 543 543 543 543 543 543 543 543 543 543 543 543 543 543 543 543 538 530 531 543 537 509 505 505 505 505 509 505 508 507 505 505 508 505 505 505 505 519 520 500 503 500 572 500 500 500 500 500 500 500 500 500 500 500 500 500 500 500 500 500 500 500 500 500 500 500 
500 500 500 500 500 500 500 500 500 500 500 500 500 521 505 505 535 543 543 543 543 543 543 543 543 543 543 543 543 543 543 543 543 543 543 543 543 543 543 543 543 543 543 543 543 543 543 543 543 543 538 532 533 543 529 524 505 505 505 505 505 505 505 505 508 505 505 505 505 505 505 510 522 502 571 500 500 500 501 500 500 500 500 500 500 500 500 500 500 500 500 500 500 500 500 500 500 500 500 500 
500 500 500 500 500 500 500 500 500 500 500 500 500 521 505 505 535 543 543 543 543 543 543 543 543 543 543 543 543 543 543 543 543 543 543 543 543 543 543 543 543 543 543 543 543 543 543 543 543 543 529 527 531 543 543 529 527 524 509 505 505 505 505 523 524 505 505 505 505 505 505 505 522 500 500 500 502 503 500 500 500 500 500 500 500 500 500 500 500 500 500 500 500 500 500 500 500 500 500 500 
500 500 500 500 500 500 500 500 500 500 500 500 500 521 543 543 543 543 543 543 543 543 543 543 543 543 543 543 543 543 543 543 543 543 543 543 543 543 543 543 543 543 543 543 543 543 543 543 543 543 543 543 529 531 542 543 543 529 527 527 524 505 505 525 526 505 505 505 505 505 505 505 522 500 572 503 500 500 500 500 500 500 500 500 500 500 500 500 500 500 500 500 500 500 500 500 500 500 500 500 
500 500 500 500 500 500 500 500 500 500 500 500 500 521 543 543 543 543 543 543 543 543 543 543 543 543 543 543 543 543 543 543 543 543 543 543 543 543 543 543 543 543 543 543 543 543 543 543 543 543 543 543 543 529 527 531 541 543 543 543 529 527 527 527 527 524 510 505 505 505 505 505 522 500 500 500 500 500 572 500 500 500 500 500 500 500 500 500 500 500 500 500 500 500 500 500 500 500 500 500 
500 500 500 500 500 500 500 500 500 500 500 500 500 521 543 543 543 543 543 543 543 543 543 543 543 543 543 543 543 543 543 543 543 543 543 543 543 543 543 543 543 543 543 543 543 543 543 543 543 543 543 543 543 543 543 529 527 527 527 527 527 527 527 527 531 529 527 527 527 524 505 505 522 501 503 500 502 500 500 500 500 500 500 500 500 500 500 500 500 500 500 500 500 500 500 500 500 500 500 500 
500 500 500 500 500 500 500 500 500 500 500 500 500 543 543 543 543 543 543 543 543 543 543 543 543 543 543 543 543 543 543 543 543 543 543 543 543 543 543 543 543 543 543 543 543 543 543 543 543 543 543 543 543 543 543 543 543 543 543 543 543 543 543 543 529 527 527 527 531 537 523 524 522 500 500 500 500 500 500 500 500 500 500 500 500 500 500 500 500 500 500 500 500 500 500 500 500 500 500 500 
500 500 500 500 500 500 500 500 500 500 500 500 500 543 543 543 543 543 543 543 543 543 543 543 543 543 543 543 543 543 543 543 543 543 543 543 543 543 543 543 543 543 543 543 543 543 543 543 543 543 543 543 543 543 543 543 543 543 543 543 543 543 543 543 543 543 543 543 538 537 525 526 519 520 500 572 500 502 502 500 500 500 500 500 500 500 500 500 500 500 500 500 500 500 500 500 500 500 500 500 
500 500 500 500 500 500 500 500 500 500 500 500 500 543 543 543 543 543 543 543 543 543 543 543 543 543 543 543 543 543 543 543 543 543 543 543 543 543 543 543 543 543 543 543 543 543 543 543 543 543 543 543 543 543 543 543 543 543 543 543 543 543 543 543 543 543 543 543 538 537 505 523 524 522 571 500 500 500 500 500 500 500 500 500 500 500 500 500 500 500 500 500 500 500 500 500 500 500 500 500 
500 500 500 500 500 500 500 500 500 500 500 500 500 543 543 543 543 543 543 543 543 543 543 543 543 543 543 543 543 543 543 543 543 543 543 543 543 543 543 543 543 543 543 543 543 543 543 543 543 543 543 543 543 543 543 543 543 543 543 543 543 543 543 543 543 543 543 543 538 537 523 528 537 522 500 502 500 501 500 500 500 500 500 500 500 500 500 500 500 500 500 500 500 500 500 500 500 500 500 500 
500 500 500 500 500 500 500 500 500 500 500 500 500 543 543 543 543 543 543 543 543 543 543 543 543 543 543 543 543 543 543 543 543 543 543 543 543 543 543 543 543 543 543 543 543 543 543 543 543 543 543 543 543 543 543 543 543 543 543 543 543 543 543 543 543 543 543 543 538 537 535 543 537 522 500 503 500 572 500 500 500 500 500 500 500 500 500 500 500 500 500 500 500 500 500 500 500 500 500 500 
500 500 500 500 500 500 500 500 500 500 500 500 500 543 543 543 543 543 543 543 543 543 543 543 543 543 543 543 543 543 543 543 543 543 543 543 543 543 543 543 543 543 543 543 543 543 543 543 543 543 543 543 543 543 543 543 543 543 543 543 543 543 543 543 543 543 543 543 538 529 528 543 537 522 502 500 500 500 500 500 500 500 500 500 500 500 500 500 500 500 500 500 500 500 500 500 500 500 500 500 
500 500 500 500 500 500 500 500 500 500 500 500 500 543 543 543 543 543 543 543 543 543 543 543 543 543 543 543 543 543 543 543 543 543 543 543 543 543 543 543 543 543 543 543 543 543 543 543 543 543 543 543 543 543 543 543 543 543 543 543 543 543 543 543 543 543 543 543 529 531 543 543 537 522 572 501 500 500 500 500 500 500 500 500 500 500 500 500 500 500 500 500 500 500 500 500 500 500 500 500 
500 500 500 500 500 500 500 500 500 500 500 500 500 543 543 543 543 543 543 543 543 543 543 543 543 543 543 543 543 543 543 543 543 543 543 543 543 543 543 543 543 543 543 543 543 543 543 543 543 543 543 543 543 543 543 543 543 543 543 543 543 543 543 543 543 543 543 543 543 538 543 543 537 522 500 500 502 500 500 500 500 500 500 500 500 500 500 500 500 500 500 500 500 500 500 500 500 500 500 500 
500 500 500 500 500 500 500 500 500 500 500 500 500 543 543 543 543 543 543 543 543 543 543 543 543 543 543 543 543 543 543 543 543 543 543 543 543 543 543 543 543 543 543 543 543 543 543 543 543 543 543 543 543 543 543 543 543 543 543 543 543 543 543 543 543 543 543 543 543 538 543 543 537 522 500 500 500 500 500 500 500 500 500 500 500 500 500 500 500 500 500 500 500 500 500 500 500 500 500 500 
500 500 500 500 500 500 500 500 500 500 500 500 500 543 543 543 543 543 543 543 543 543 543 543 543 543 543 543 543 543 543 543 543 543 543 543 543 543 543 543 543 543 543 543 543 543 543 543 543 543 543 543 543 543 543 543 543 543 543 543 543 543 543 543 543 543 543 543 543 538 543 543 537 522 502 500 500 500 500 500 500 500 500 500 500 500 500 500 500 500 500 500 500 500 500 500 500 500 500 500 
500 500 500 500 500 500 500 500 500 500 500 500 500 543 543 543 543 543 543 543 543 543 543 543 543 543 543 543 543 543 543 543 543 543 543 543 543 543 543 543 543 543 543 543 543 543 543 543 543 543 543 543 543 543 543 543 543 543 543 543 543 543 543 543 543 543 543 543 543 538 543 543 537 522 500 500 500 500 500 500 500 500 500 500 500 500 500 500 500 500 500 500 500 500 500 500 500 500 500 500 
500 500 500 500 500 500 500 500 500 500 500 500 500 543 543 543 543 543 543 543 543 543 543 543 543 543 543 543 543 543 543 543 543 543 543 543 543 543 543 543 543 543 543 543 543 543 543 543 543 543 543 543 543 543 543 543 543 543 543 543 543 543 543 543 543 543 543 543 543 538 543 543 537 522 500 500 500 500 500 500 500 500 500 500 500 500 500 500 500 500 500 500 500 500 500 500 500 500 500 500 
500 500 500 500 500 500 500 500 500 500 500 500 500 543 543 543 543 543 543 543 543 543 543 543 543 543 543 543 543 543 543 543 543 543 543 543 543 543 543 543 543 543 543 543 543 543 543 543 543 543 543 543 543 543 543 543 543 543 543 543 543 543 543 543 543 543 543 543 543 538 543 543 537 522 500 500 500 500 500 500 500 500 500 500 500 500 500 500 500 500 500 500 500 500 500 500 500 500 500 500 
500 500 500 500 500 500 500 500 500 500 500 500 500 543 543 543 543 543 543 543 543 543 543 543 543 543 543 543 543 543 543 543 543 543 543 543 543 543 543 543 543 543 543 543 543 500 500 500 500 500 500 500 500 500 500 500 500 500 500 500 500 500 500 500 500 500 500 500 500 500 500 500 500 500 500 500 500 500 500 500 500 500 500 500 500 500 500 500 500 500 500 500 500 500 500 500 500 500 500 500 
500 500 500 500 500 500 500 500 500 500 500 500 500 543 543 543 543 543 543 543 543 543 543 543 543 543 543 543 543 543 543 543 543 543 543 543 543 543 543 543 543 543 543 543 543 500 500 500 500 500 500 500 500 500 500 500 500 500 500 500 500 500 500 500 500 500 500 500 500 500 500 500 500 500 500 500 500 500 500 500 500 500 500 500 500 500 500 500 500 500 500 500 500 500 500 500 500 500 500 500 
500 500 500 500 500 500 500 500 500 500 500 500 500 500 500 500 500 500 500 500 500 500 500 500 500 500 500 500 500 500 500 500 500 500 500 500 500 500 500 500 500 500 500 500 500 500 500 500 500 500 500 500 500 500 500 500 500 500 500 500 500 500 500 500 500 500 500 500 500 500 500 500 500 500 500 500 500 500 500 500 500 500 500 500 500 500 500 500 500 500 500 500 500 500 500 500 500 500 500 500 
500 500 500 500 500 500 500 500 500 500 500 500 500 500 500 500 500 500 500 500 500 500 500 500 500 500 500 500 500 500 500 500 500 500 500 500 500 500 500 500 500 500 500 500 500 500 500 500 500 500 500 500 500 500 500 500 500 500 500 500 500 500 500 500 500 500 500 500 500 500 500 500 500 500 500 500 500 500 500 500 500 500 500 500 500 500 500 500 500 500 500 500 500 500 500 500 500 500 500 500 
500 500 500 500 500 500 500 500 500 500 500 500 500 500 500 500 500 500 500 500 500 500 500 500 500 500 500 500 500 500 500 500 500 500 500 500 500 500 500 500 500 500 500 500 500 500 500 500 500 500 500 500 500 500 500 500 500 500 500 500 500 500 500 500 500 500 500 500 500 500 500 500 500 500 500 500 500 500 500 500 500 500 500 500 500 500 500 500 500 500 500 500 500 500 500 500 500 500 500 500 
500 500 500 500 500 500 500 500 500 500 500 500 500 500 500 500 500 500 500 500 500 500 500 500 500 500 500 500 500 500 500 500 500 500 500 500 500 500 500 500 500 500 500 500 500 500 500 500 500 500 500 500 500 500 500 500 500 500 500 500 500 500 500 500 500 500 500 500 500 500 500 500 500 500 500 500 500 500 500 500 500 500 500 500 500 500 500 500 500 500 500 500 500 500 500 500 500 500 500 500 
500 500 500 500 500 500 500 500 500 500 500 500 500 500 500 500 500 500 500 500 500 500 500 500 500 500 500 500 500 500 500 500 500 500 500 500 500 500 500 500 500 500 500 500 500 500 500 500 500 500 500 500 500 500 500 500 500 500 500 500 500 500 500 500 500 500 500 500 500 500 500 500 500 500 500 500 500 500 500 500 500 500 500 500 500 500 500 500 500 500 500 500 500 500 500 500 500 500 500 500 
500 500 500 500 500 500 500 500 500 500 500 500 500 500 500 500 500 500 500 500 500 500 500 500 500 500 500 500 500 500 500 500 500 500 500 500 500 500 500 500 500 500 500 500 500 500 500 500 500 500 500 500 500 500 500 500 500 500 500 500 500 500 500 500 500 500 500 500 500 500 500 500 500 500 500 500 500 500 500 500 500 500 500 500 500 500 500 500 500 500 500 500 500 500 500 500 500 500 500 500 
500 500 500 500 500 500 500 500 500 500 500 500 500 500 500 500 500 500 500 500 500 500 500 500 500 500 500 500 500 500 500 500 500 500 500 500 500 500 500 500 500 500 500 500 500 500 500 500 500 500 500 500 500 500 500 500 500 500 500 500 500 500 500 500 500 500 500 500 500 500 500 500 500 500 500 500 500 500 500 500 500 500 500 500 500 500 500 500 500 500 500 500 500 500 500 500 500 500 500 500 
500 500 500 500 500 500 500 500 500 500 500 500 500 500 500 500 500 500 500 500 500 500 500 500 500 500 500 500 500 500 500 500 500 500 500 500 500 500 500 500 500 500 500 500 500 500 500 500 500 500 500 500 500 500 500 500 500 500 500 500 500 500 500 500 500 500 500 500 500 500 500 500 500 500 500 500 500 500 500 500 500 500 500 500 500 500 500 500 500 500 500 500 500 500 500 500 500 500 500 500 
500 500 500 500 500 500 500 500 500 500 500 500 500 500 500 500 500 500 500 500 500 500 500 500 500 500 500 500 500 500 500 500 500 500 500 500 500 500 500 500 500 500 500 500 500 500 500 500 500 500 500 500 500 500 500 500 500 500 500 500 500 500 500 500 500 500 500 500 500 500 500 500 500 500 500 500 500 500 500 500 500 500 500 500 500 500 500 500 500 500 500 500 500 500 500 500 500 500 500 500 
500 500 500 500 500 500 500 500 500 500 500 500 500 500 500 500 500 500 500 500 500 500 500 500 500 500 500 500 500 500 500 500 500 500 500 500 500 500 500 500 500 500 500 500 500 500 500 500 500 500 500 500 500 500 500 500 500 500 500 500 500 500 500 500 500 500 500 500 500 500 500 500 500 500 500 500 500 500 500 500 500 500 500 500 500 500 500 500 500 500 500 500 500 500 500 500 500 500 500 500 
500 500 500 500 500 500 500 500 500 500 500 500 500 500 500 500 500 500 500 500 500 500 500 500 500 500 500 500 500 500 500 500 500 500 500 500 500 500 500 500 500 500 500 500 500 500 500 500 500 500 500 500 500 500 500 500 500 500 500 500 500 500 500 500 500 500 500 500 500 500 500 500 500 500 500 500 500 500 500 500 500 500 500 500 500 500 500 500 500 500 500 500 500 500 500 500 500 500 500 500 
500 500 500 500 500 500 500 500 500 500 500 500 500 500 500 500 500 500 500 500 500 500 500 500 500 500 500 500 500 500 500 500 500 500 500 500 500 500 500 500 500 500 500 500 500 500 500 500 500 500 500 500 500 500 500 500 500 500 500 500 500 500 500 500 500 500 500 500 500 500 500 500 500 500 500 500 500 500 500 500 500 500 500 500 500 500 500 500 500 500 500 500 500 500 500 500 500 500 500 500 
500 500 500 500 500 500 500 500 500 500 500 500 500 500 500 500 500 500 500 500 500 500 500 500 500 500 500 500 500 500 500 500 500 500 500 500 500 500 500 500 500 500 500 500 500 500 500 500 500 500 500 500 500 500 500 500 500 500 500 500 500 500 500 500 500 500 500 500 500 500 500 500 500 500 500 500 500 500 500 500 500 500 500 500 500 500 500 500 500 500 500 500 500 500 500 500 500 500 500 500 
500 500 500 500 500 500 500 500 500 500 500 500 500 500 500 500 500 500 500 500 500 500 500 500 500 500 500 500 500 500 500 500 500 500 500 500 500 500 500 500 500 500 500 500 500 500 500 500 500 500 500 500 500 500 500 500 500 500 500 500 500 500 500 500 500 500 500 500 500 500 500 500 500 500 500 500 500 500 500 500 500 500 500 500 500 500 500 500 500 500 500 500 500 500 500 500 500 500 500 500 
500 500 500 500 500 500 500 500 500 500 500 500 500 500 500 500 500 500 500 500 500 500 500 500 500 500 500 500 500 500 500 500 500 500 500 500 500 500 500 500 500 500 500 500 500 500 500 500 500 500 500 500 500 500 500 500 500 500 500 500 500 500 500 500 500 500 500 500 500 500 500 500 500 500 500 500 500 500 500 500 500 500 500 500 500 500 500 500 500 500 500 500 500 500 500 500 500 500 500 500 
500 500 500 500 500 500 500 500 500 500 500 500 500 500 500 500 500 500 500 500 500 500 500 500 500 500 500 500 500 500 500 500 500 500 500 500 500 500 500 500 500 500 500 500 500 500 500 500 500 500 500 500 500 500 500 500 500 500 500 500 500 500 500 500 500 500 500 500 500 500 500 500 500 500 500 500 500 500 500 500 500 500 500 500 500 500 500 500 500 500 500 500 500 500 500 500 500 500 500 500 
500 500 500 500 500 500 500 500 500 500 500 500 500 500 500 500 500 500 500 500 500 500 500 500 500 500 500 500 500 500 500 500 500 500 500 500 500 500 500 500 500 500 500 500 500 500 500 500 500 500 500 500 500 500 500 500 500 500 500 500 500 500 500 500 500 500 500 500 500 500 500 500 500 500 500 500 500 500 500 500 500 500 500 500 500 500 500 500 500 500 500 500 500 500 500 500 500 500 500 500 
500 500 500 500 500 500 500 500 500 500 500 500 500 500 500 500 500 500 500 500 500 500 500 500 500 500 500 500 500 500 500 500 500 500 500 500 500 500 500 500 500 500 500 500 500 500 500 500 500 500 500 500 500 500 500 500 500 500 500 500 500 500 500 500 500 500 500 500 500 500 500 500 500 500 500 500 500 500 500 500 500 500 500 500 500 500 500 500 500 500 500 500 500 500 500 500 500 500 500 500 
