265 265 265 265 265 265 265 265 265 265 265 265 265 265 265 265 265 265 265 265 265 265 265 265 265 265 265 265 265 265 265 265 265 265 265 265 265 265 265 265 265 265 265 265 265 265 265 265 265 265 265 265 265 265 265 265 265 265 265 265 265 265 265 265 265 265 265 265 265 265 265 265 265 265 265 265 265 265 265 265 265 265 265 265 265 265 265 265 265 265 265 265 265 265 265 265 265 265 265 265 
265 265 265 265 265 265 265 265 265 265 265 265 265 265 265 265 265 265 265 265 265 265 265 265 265 265 265 265 265 265 265 265 265 265 265 265 265 265 265 265 265 265 265 265 265 265 265 265 265 265 265 265 265 265 265 265 265 265 265 265 265 265 265 265 265 265 265 265 265 265 265 265 265 265 265 265 265 265 265 265 265 265 265 265 265 265 265 265 265 265 265 265 265 265 265 265 265 265 265 265 
265 265 265 265 265 265 265 265 265 265 265 265 265 265 265 265 265 265 265 265 265 265 265 265 265 265 265 265 265 265 265 265 265 265 265 265 265 265 265 265 265 265 265 265 265 265 265 265 265 265 265 265 265 265 265 265 265 265 265 265 265 265 265 265 265 265 265 265 265 265 265 265 265 265 265 265 265 265 265 265 265 265 265 265 265 265 265 265 265 265 265 265 265 265 265 265 265 265 265 265 
265 265 265 265 265 265 265 265 265 265 265 265 265 265 265 265 265 265 265 265 265 265 265 265 265 265 265 265 265 265 265 265 265 265 265 265 265 265 265 265 265 265 265 265 265 265 265 265 265 265 265 265 265 265 265 265 265 265 265 265 265 265 265 265 265 265 265 265 265 265 265 265 265 265 265 265 265 265 265 265 265 265 265 265 265 265 265 265 265 265 265 265 265 265 265 265 265 265 265 265 
265 265 265 265 265 265 265 265 265 265 265 265 265 265 265 265 265 265 265 265 265 265 265 265 265 265 265 265 265 265 265 265 265 265 265 265 265 265 265 265 265 265 265 265 265 265 265 265 265 265 265 265 265 265 265 265 265 265 265 265 265 265 265 265 265 265 265 265 265 265 265 265 265 265 265 265 265 265 265 265 265 265 265 265 265 265 265 265 265 265 265 265 265 265 265 265 265 265 265 265 
265 265 265 265 265 265 265 265 265 265 265 265 265 265 265 265 265 265 265 265 265 265 265 265 265 265 265 265 265 265 265 265 265 265 265 265 265 265 265 265 265 265 265 265 265 265 265 265 265 265 265 265 265 265 265 265 265 265 265 265 265 265 265 265 265 265 265 265 265 265 265 265 265 265 265 265 265 265 265 265 265 265 265 265 265 265 265 265 265 265 265 265 265 265 265 265 265 265 265 265 
265 265 265 265 265 265 265 265 265 265 265 265 265 265 265 265 265 265 265 265 265 265 265 265 265 265 265 265 265 265 265 265 265 265 265 265 265 265 265 265 265 265 265 265 265 265 265 265 265 265 265 265 265 265 265 265 265 265 265 265 265 265 265 265 265 265 265 265 265 265 265 265 265 265 265 265 265 265 265 265 265 265 265 265 265 265 265 265 265 265 265 265 265 265 265 265 265 265 265 265 
265 265 265 265 265 265 265 265 265 265 265 265 265 265 265 265 265 265 265 265 265 265 265 265 265 265 265 265 265 265 265 265 265 265 265 265 265 265 265 265 265 265 265 265 265 265 265 265 265 265 265 265 265 265 265 265 265 265 265 265 265 265 265 265 265 265 265 265 265 265 265 265 265 265 265 265 265 265 265 265 265 265 265 265 265 265 265 265 265 265 265 265 265 265 265 265 265 265 265 265 
265 265 265 265 265 265 265 265 265 265 265 265 265 265 265 265 265 265 265 265 265 265 265 265 265 265 265 265 265 265 265 265 265 265 265 265 265 265 265 265 265 265 265 265 265 265 265 265 265 265 265 265 265 265 265 265 265 265 265 265 265 265 265 265 265 265 265 265 265 265 265 265 265 265 265 265 265 265 265 265 265 265 265 265 265 265 265 265 265 265 265 265 265 265 265 265 265 265 265 265 
265 265 265 265 265 265 265 265 265 265 265 265 265 265 265 265 265 265 265 265 265 265 265 265 265 265 265 265 265 265 265 265 265 265 265 265 265 265 265 265 265 265 265 265 265 265 265 265 265 265 265 265 265 265 265 265 265 265 265 265 265 265 265 265 265 265 265 265 265 265 265 265 265 265 265 265 265 265 265 265 265 265 265 265 265 265 265 265 265 265 265 265 265 265 265 265 265 265 265 265 
265 265 265 265 265 265 265 265 265 265 265 265 265 265 265 265 265 265 265 265 265 265 265 265 265 265 265 265 265 265 265 265 265 265 265 265 265 265 265 265 265 265 265 265 265 265 265 265 265 265 265 265 265 265 265 265 265 265 265 265 265 265 265 265 265 265 265 265 265 265 265 265 265 265 265 265 265 265 265 265 265 265 265 265 265 265 265 265 265 265 265 265 265 265 265 265 265 265 265 265 
265 265 265 265 265 265 265 265 265 265 265 265 265 265 265 265 265 265 265 265 265 265 265 265 265 265 265 265 265 265 265 265 265 265 265 265 265 265 265 265 265 265 265 265 265 265 265 265 265 265 265 265 265 265 265 265 265 265 265 265 265 265 265 265 265 265 265 265 265 265 265 265 265 265 265 265 265 265 265 265 265 265 265 265 265 265 265 265 265 265 265 265 265 265 265 265 265 265 265 265 
265 265 265 265 265 265 265 265 265 265 265 265 265 265 265 265 265 265 265 265 265 265 265 265 265 265 265 265 265 265 265 265 265 265 265 265 265 265 265 265 265 265 265 265 265 265 265 265 265 265 265 265 265 265 265 265 265 265 265 265 265 265 265 265 265 265 265 265 265 265 265 265 265 265 265 265 265 265 265 265 265 265 265 265 265 265 265 265 265 265 265 265 265 265 265 265 265 265 265 265 
265 265 265 265 265 265 265 265 265 265 265 265 265 265 265 265 265 265 265 265 265 265 265 265 265 265 265 265 265 265 265 265 265 265 265 265 265 265 265 265 265 265 265 265 265 265 265 265 265 265 265 265 265 265 265 265 265 265 265 265 265 265 265 265 265 265 265 265 265 265 265 265 265 265 265 265 265 265 265 265 265 265 265 265 265 265 265 265 265 265 265 265 265 265 265 265 265 265 265 265 
265 265 265 265 265 265 265 265 265 265 265 265 265 265 265 265 265 265 265 265 265 265 265 265 265 265 265 265 265 265 265 265 265 265 265 265 265 265 265 265 265 265 265 265 265 265 265 265 265 265 265 265 265 265 265 265 265 265 265 265 265 265 265 265 265 265 265 265 265 265 265 265 265 265 265 265 265 265 265 265 265 265 265 265 265 265 265 265 265 265 265 265 265 265 265 265 265 265 265 265 
265 265 265 265 265 265 265 265 265 265 265 265 265 265 265 265 265 265 265 265 265 265 265 265 265 265 265 265 265 265 265 265 265 265 265 265 265 265 265 265 265 265 265 265 265 265 265 265 265 265 265 265 265 265 265 265 265 265 265 265 265 265 265 265 265 265 265 265 265 265 265 265 265 265 265 265 265 265 265 265 265 265 265 265 265 265 265 265 265 265 265 265 265 265 265 265 265 265 265 265 
265 265 265 265 265 265 265 265 265 265 265 265 265 265 265 265 265 265 265 265 265 265 265 265 265 265 265 265 265 265 265 265 265 265 265 265 265 265 265 265 265 265 265 265 265 265 265 265 265 265 265 265 265 265 265 265 265 265 265 265 265 265 265 265 265 265 265 265 265 265 265 265 265 265 265 265 265 265 265 265 265 265 265 265 265 265 265 265 265 265 265 265 265 265 265 265 265 265 265 265 
265 265 265 265 265 265 265 265 265 265 265 265 265 265 265 265 265 265 265 265 265 265 265 265 265 265 265 265 265 265 265 265 265 265 265 265 265 265 265 265 265 265 265 265 265 265 265 265 265 265 265 265 265 265 265 265 265 265 265 265 265 265 265 265 265 265 265 265 265 265 265 265 265 265 265 265 265 265 265 265 265 265 265 265 265 265 265 265 265 265 265 265 265 265 265 265 265 265 265 265 
265 265 265 265 265 265 265 265 265 265 265 265 265 265 265 265 265 265 265 265 265 265 265 265 265 265 265 265 265 265 265 265 265 265 265 265 265 265 265 265 265 265 265 265 265 265 265 265 265 265 265 265 265 265 265 265 265 265 265 265 265 265 265 265 265 265 265 265 265 265 265 265 265 265 265 265 265 265 265 265 265 265 265 265 265 265 265 265 265 265 265 265 265 265 265 265 265 265 265 265 
265 265 265 265 265 265 265 265 265 265 265 265 265 265 265 265 265 265 265 265 265 265 265 265 265 265 265 265 265 265 265 265 265 265 265 265 265 265 265 265 265 265 265 265 265 265 265 265 265 265 265 265 265 265 265 265 265 265 265 265 265 265 265 265 265 265 265 265 265 265 265 265 265 265 265 265 265 265 265 265 265 265 265 265 265 265 265 265 265 265 265 265 265 265 265 265 265 265 265 265 
265 265 265 265 265 265 265 265 265 265 265 265 265 265 265 265 265 265 265 265 265 265 265 265 265 265 265 265 265 265 265 265 265 265 265 265 265 265 265 265 265 265 265 265 265 265 265 265 265 265 265 265 265 265 265 265 265 265 265 265 265 265 265 265 265 265 265 265 265 265 265 265 265 265 265 265 265 265 265 265 265 265 265 265 265 265 265 265 265 265 265 265 265 265 265 265 265 265 265 265 
265 265 265 265 265 265 265 265 265 265 265 265 265 265 265 265 265 265 265 265 265 265 265 265 265 265 265 265 265 265 265 265 265 265 265 265 265 265 265 265 265 265 265 265 265 265 265 265 265 265 265 265 265 265 265 265 265 265 265 265 265 265 265 265 265 265 265 265 265 265 265 265 265 265 265 265 265 265 265 265 265 265 265 265 265 265 265 265 265 265 265 265 265 265 265 265 265 265 265 265 
265 265 265 265 265 265 265 265 265 265 265 265 265 265 265 265 265 265 265 265 265 265 265 265 265 265 265 265 265 265 265 265 265 265 265 265 265 265 265 265 265 265 265 265 265 265 265 265 265 265 265 265 265 265 265 265 265 265 265 265 265 265 265 265 265 265 265 265 265 265 265 265 265 265 265 265 265 265 265 265 265 265 265 265 265 265 265 265 265 265 265 265 265 265 265 265 265 265 265 265 
265 265 265 265 265 265 265 265 265 265 265 265 265 265 265 265 265 265 265 265 265 265 265 265 265 265 265 265 265 265 265 265 265 265 265 265 265 265 265 265 265 265 265 265 265 265 265 265 265 265 265 265 265 265 265 265 265 265 265 265 265 265 265 265 265 265 265 265 265 265 265 265 265 265 265 265 265 265 265 265 265 265 265 265 265 265 265 265 265 265 265 265 265 265 265 265 265 265 265 265 
265 265 265 265 265 265 265 265 265 265 265 265 265 265 265 265 265 265 265 265 265 265 265 265 265 265 265 265 265 265 265 265 265 265 265 265 265 265 265 265 265 265 265 265 265 265 265 265 265 265 265 265 265 265 265 265 265 265 265 265 265 265 265 265 265 265 265 265 265 265 265 265 265 265 265 265 265 265 265 265 265 265 265 265 265 265 265 265 265 265 265 265 265 265 265 265 265 265 265 265 
265 265 265 265 265 265 265 265 265 265 265 265 265 265 265 265 265 265 265 265 265 265 265 265 265 265 265 265 265 265 265 265 265 265 265 265 265 265 265 265 265 265 265 265 265 265 265 265 265 265 265 265 265 265 265 265 265 265 265 265 265 265 265 265 265 265 265 265 265 265 265 265 265 265 265 265 265 265 265 265 265 265 265 265 265 265 265 265 265 265 265 265 265 265 265 265 265 265 265 265 
265 265 265 265 265 265 265 265 265 265 265 265 265 265 265 265 265 265 265 265 265 265 265 265 265 265 265 265 265 265 265 265 265 265 265 265 265 265 265 265 265 265 265 265 265 265 265 265 265 265 265 265 265 265 265 265 265 265 265 265 265 265 265 265 265 265 265 265 265 265 265 265 265 265 265 265 265 265 265 265 265 265 265 265 265 265 265 265 265 265 265 265 265 265 265 265 265 265 265 265 
265 265 265 265 265 265 265 265 265 265 265 265 265 265 265 265 265 265 265 265 265 265 265 265 265 265 265 265 265 265 265 265 265 265 265 265 265 265 265 265 265 265 265 265 265 265 265 265 265 265 265 265 265 265 265 265 265 265 265 265 265 265 265 265 265 265 265 265 265 265 265 265 265 265 265 265 265 265 265 265 265 265 265 265 265 265 265 265 265 265 265 265 265 265 265 265 265 265 265 265 
265 265 265 265 265 265 265 265 265 265 265 265 265 265 265 265 265 265 265 265 265 265 265 265 265 265 265 265 265 265 265 265 265 265 265 265 265 265 265 265 265 265 265 265 265 265 265 265 265 265 265 265 265 265 265 265 265 265 265 265 265 265 265 265 265 265 265 265 265 265 265 265 265 265 265 265 265 265 265 265 265 265 265 265 265 265 265 265 265 265 265 265 265 265 265 265 265 265 265 265 
265 265 265 265 265 265 265 265 265 265 265 265 265 265 265 265 265 265 265 265 265 265 265 265 265 265 265 265 265 265 265 265 265 265 265 265 265 265 265 265 265 265 265 265 265 265 265 265 265 265 265 265 265 265 265 265 265 265 265 265 265 265 265 265 265 265 265 265 265 265 265 265 265 265 265 265 265 265 265 265 265 265 265 265 265 265 265 265 265 265 265 265 265 265 265 265 265 265 265 265 
265 265 265 265 265 265 265 265 265 265 265 265 265 265 265 265 265 265 265 265 265 265 265 265 265 265 265 265 265 265 265 265 265 265 265 265 265 265 265 265 265 265 265 265 265 265 265 265 265 265 265 265 265 265 265 265 265 265 265 265 265 265 265 265 265 265 265 265 265 265 265 265 265 265 265 265 265 265 265 265 265 265 265 265 265 265 265 265 265 265 265 265 265 265 265 265 265 265 265 265 
265 265 265 265 265 265 265 265 265 265 265 265 265 265 265 265 265 265 265 265 265 265 265 265 265 265 265 265 265 265 265 265 265 265 265 265 265 265 265 265 265 265 265 265 265 265 265 265 265 265 265 265 265 265 265 265 265 265 265 265 265 265 265 265 265 265 265 265 265 265 265 265 265 265 265 265 265 265 265 265 265 265 265 265 265 265 265 265 265 265 265 265 265 265 265 265 265 265 265 265 
265 265 265 265 265 265 265 265 265 265 265 265 265 265 265 265 265 265 265 265 265 265 265 265 265 265 265 265 265 265 265 265 265 265 265 265 265 265 265 265 265 265 265 265 265 265 265 265 265 265 265 265 265 265 265 265 265 265 265 265 265 265 265 265 265 265 265 265 265 265 265 265 265 265 265 265 265 265 265 265 265 265 265 265 265 265 265 265 265 265 265 265 265 265 265 265 265 265 265 265 
265 265 265 265 265 265 265 265 265 265 265 265 265 265 265 265 265 265 265 265 265 265 265 265 265 265 265 265 265 265 265 265 265 265 265 265 265 265 265 265 265 265 265 265 265 265 265 265 265 265 265 265 265 265 265 265 265 265 265 265 265 265 265 265 265 265 265 265 265 265 265 265 265 265 265 265 265 265 265 265 265 265 265 265 265 265 265 265 265 265 265 265 265 265 265 265 265 265 265 265 
265 265 265 265 265 265 265 265 265 265 265 265 265 265 265 265 265 265 265 265 265 265 265 265 265 265 265 265 265 265 265 265 265 265 265 265 265 265 265 265 265 265 265 265 265 265 265 265 265 265 265 265 265 265 265 265 265 265 265 265 265 265 265 265 265 265 265 265 265 265 265 265 265 265 265 265 265 265 265 265 265 265 265 265 265 265 265 265 265 265 265 265 265 265 265 265 265 265 265 265 
265 265 265 265 265 265 265 265 265 265 265 265 265 265 265 265 265 265 265 265 265 265 265 265 265 265 265 265 265 265 265 265 265 265 265 265 265 265 265 265 265 265 265 265 265 265 265 265 265 265 265 265 265 265 265 265 265 265 265 265 265 265 265 265 265 265 265 265 265 265 265 265 265 265 265 265 265 265 265 265 265 265 265 265 265 265 265 265 265 265 265 265 265 265 265 265 265 265 265 265 
265 265 265 265 265 265 265 265 265 265 265 265 265 265 265 265 265 265 265 265 265 265 265 265 265 265 265 265 265 265 265 265 265 265 265 265 265 265 265 265 265 265 265 265 265 265 265 265 265 265 265 265 265 265 265 265 265 265 265 265 265 265 265 265 265 265 265 265 265 265 265 265 265 265 265 265 265 265 265 265 265 265 265 265 265 265 265 265 265 265 265 265 265 265 265 265 265 265 265 265 
265 265 265 265 265 265 265 265 265 265 265 265 265 265 265 265 265 265 265 265 265 265 265 265 265 265 265 265 265 265 265 265 265 265 265 265 265 265 265 265 265 265 265 265 265 265 265 265 265 265 265 265 265 265 265 265 265 265 265 265 265 265 265 265 265 265 265 265 265 265 265 265 265 265 265 265 265 265 265 265 265 265 265 265 265 265 265 265 265 265 265 265 265 265 265 265 265 265 265 265 
265 265 265 265 265 265 265 265 265 265 265 265 265 265 265 265 265 265 265 265 265 265 265 265 265 265 265 265 265 265 265 265 265 265 265 265 265 265 265 265 265 265 265 265 265 265 265 265 265 265 265 265 265 265 265 265 265 265 265 265 265 265 265 265 265 265 265 265 265 265 265 265 265 265 265 265 265 265 265 265 265 265 265 265 265 265 265 265 265 265 265 265 265 265 265 265 265 265 265 265 
265 265 265 265 265 265 265 265 265 265 265 265 265 265 265 265 265 265 265 265 265 265 265 265 265 265 265 265 265 265 265 265 265 265 265 265 265 265 265 265 265 265 265 265 265 265 265 265 265 265 265 265 265 265 265 265 265 265 265 265 265 265 265 265 265 265 265 265 265 265 265 265 265 265 265 265 265 265 265 265 265 265 265 265 265 265 265 265 265 265 265 265 265 265 265 265 265 265 265 265 
265 265 265 265 265 265 265 265 265 265 265 265 265 265 265 265 265 265 265 265 265 265 265 265 265 265 265 265 265 265 265 265 265 265 265 265 265 265 265 265 265 265 265 265 265 265 265 265 265 265 265 265 265 265 265 265 265 265 265 265 265 265 265 265 265 265 265 265 265 265 265 265 265 265 265 265 265 265 265 265 265 265 265 265 265 265 265 265 265 265 265 265 265 265 265 265 265 265 265 265 
265 265 265 265 265 265 265 265 265 265 265 265 265 265 265 265 265 265 265 265 265 265 265 265 265 265 265 265 265 265 265 265 265 265 265 265 265 265 265 265 265 265 265 265 265 265 265 265 265 265 265 265 265 265 265 265 265 265 265 265 265 265 265 265 265 265 265 265 265 265 265 265 265 265 265 265 265 265 265 265 265 265 265 265 265 265 265 265 265 265 265 265 265 265 265 265 265 265 265 265 
265 265 265 265 265 265 265 265 265 265 265 265 265 265 265 265 265 265 265 265 265 265 265 265 265 265 265 265 265 265 265 265 265 265 265 265 265 265 265 265 265 265 265 265 265 265 265 265 265 265 265 265 265 265 265 265 265 265 265 265 265 265 265 265 265 265 265 265 265 265 265 265 265 265 265 265 265 265 265 265 265 265 265 265 265 265 265 265 265 265 265 265 265 265 265 265 265 265 265 265 
265 265 265 265 265 265 265 265 265 265 265 265 265 265 265 265 265 265 265 265 265 265 265 265 265 265 265 265 265 265 265 265 265 265 265 265 265 265 265 265 265 265 265 265 265 265 265 265 265 265 265 265 265 265 265 265 265 265 265 265 265 265 265 265 265 265 265 265 265 265 265 265 265 265 265 265 265 265 265 265 265 265 265 265 265 265 265 265 265 265 265 265 265 265 265 265 265 265 265 265 
265 265 265 265 265 265 265 265 265 265 265 265 265 265 265 265 265 265 265 265 265 265 265 265 265 265 265 265 265 265 265 265 265 265 265 265 265 265 265 265 265 265 265 265 265 265 265 265 265 265 265 265 265 265 265 265 265 265 265 265 265 265 265 265 265 265 265 265 265 265 265 265 265 265 265 265 265 265 265 265 265 265 265 265 265 265 265 265 265 265 265 265 265 265 265 265 265 265 265 265 
265 265 265 265 265 265 265 265 265 265 265 265 265 265 265 265 265 265 265 265 265 265 265 265 265 265 265 265 265 265 265 265 265 265 265 265 265 265 265 265 265 265 265 265 265 265 265 265 265 265 265 265 265 265 265 265 265 265 265 265 265 265 265 265 265 265 265 265 265 265 265 265 265 265 265 265 265 265 265 265 265 265 265 265 265 265 265 265 265 265 265 265 265 265 265 265 265 265 265 265 
265 265 265 265 265 265 265 265 265 265 265 265 265 265 265 265 265 265 265 265 265 265 265 265 265 265 265 265 265 265 265 265 265 265 265 265 265 265 265 265 265 265 265 265 265 265 265 265 265 265 265 265 265 265 265 265 265 265 265 265 265 265 265 265 265 265 265 265 265 265 265 265 265 265 265 265 265 265 265 265 265 265 265 265 265 265 265 265 265 265 265 265 265 265 265 265 265 265 265 265 
265 265 265 265 265 265 265 265 265 265 265 265 265 265 265 265 265 265 265 265 265 265 265 265 265 265 265 265 265 265 265 265 265 265 265 265 265 265 265 265 265 265 265 265 265 265 265 265 265 265 265 265 265 265 265 265 265 265 265 265 265 265 265 265 265 265 265 265 265 265 265 265 265 265 265 265 265 265 265 265 265 265 265 265 265 265 265 265 265 265 265 265 265 265 265 265 265 265 265 265 
265 265 265 265 265 265 265 265 265 265 265 265 265 265 265 265 265 265 265 265 265 265 265 265 265 265 265 265 265 265 265 265 265 265 265 265 265 265 265 265 265 265 265 265 265 265 265 265 265 265 265 265 265 265 265 265 265 265 265 265 265 265 265 265 265 265 265 265 265 265 265 265 265 265 265 265 265 265 265 265 265 265 265 265 265 265 265 265 265 265 265 265 265 265 265 265 265 265 265 265 
265 265 265 265 265 265 265 265 265 265 265 265 265 265 265 265 265 265 265 265 265 265 265 265 265 265 265 265 265 265 265 265 265 265 265 265 265 265 265 265 265 265 265 265 265 265 265 265 265 265 265 265 265 265 265 265 265 265 265 265 265 265 265 265 265 265 265 265 265 265 265 265 265 265 265 265 265 265 265 265 265 265 265 265 265 265 265 265 265 265 265 265 265 265 265 265 265 265 265 265 
265 265 265 265 265 265 265 265 265 265 265 265 265 265 265 265 265 265 265 265 265 265 265 265 265 265 265 265 265 265 265 265 265 265 265 265 265 265 265 265 265 265 265 265 265 265 265 265 265 265 265 265 265 265 265 265 265 265 265 265 265 265 265 265 265 265 265 265 265 265 265 265 265 265 265 265 265 265 265 265 265 265 265 265 265 265 265 265 265 265 265 265 265 265 265 265 265 265 265 265 
265 265 265 265 265 265 265 265 265 265 265 265 265 265 265 265 265 265 265 265 265 265 265 265 265 265 265 265 265 265 265 265 265 265 265 265 265 265 265 265 265 265 265 265 265 265 265 265 265 265 265 265 265 265 265 265 265 265 265 265 265 265 265 265 265 265 265 265 265 265 265 265 265 265 265 265 265 265 265 265 265 265 265 265 265 265 265 265 265 265 265 265 265 265 265 265 265 265 265 265 
265 265 265 265 265 265 265 265 265 265 265 265 265 265 265 265 265 265 265 265 265 265 265 265 265 265 265 265 265 265 265 265 265 265 265 265 265 265 265 265 265 265 265 265 265 265 265 265 265 265 265 265 265 265 265 265 265 265 265 265 265 265 265 265 265 265 265 265 265 265 265 265 265 265 265 265 265 265 265 265 265 265 265 265 265 265 265 265 265 265 265 265 265 265 265 265 265 265 265 265 
265 265 265 265 265 265 265 265 265 265 265 265 265 265 265 265 265 265 265 265 265 265 265 265 265 265 265 265 265 265 265 265 265 265 265 265 265 265 265 265 265 265 265 265 265 265 265 265 265 265 265 265 265 265 265 265 265 265 265 265 265 265 265 265 265 265 265 265 265 265 265 265 265 265 265 265 265 265 265 265 265 265 265 265 265 265 265 265 265 265 265 265 265 265 265 265 265 265 265 265 
265 265 265 265 265 265 265 265 265 265 265 265 265 265 265 265 265 265 265 265 265 265 265 265 265 265 265 265 265 265 265 265 265 265 265 265 265 265 265 265 265 265 265 265 265 265 265 265 265 265 265 265 265 265 265 265 265 265 265 265 265 265 265 265 265 265 265 265 265 265 265 265 265 265 265 265 265 265 265 265 265 265 265 265 265 265 265 265 265 265 265 265 265 265 265 265 265 265 265 265 
265 265 265 265 265 265 265 265 265 265 265 265 265 265 265 265 265 265 265 265 265 265 265 265 265 265 265 265 265 265 265 265 265 265 265 265 265 265 265 265 265 265 265 265 265 265 265 265 265 265 265 265 265 265 265 265 265 265 265 265 265 265 265 265 265 265 265 265 265 265 265 265 265 265 265 265 265 265 265 265 265 265 265 265 265 265 265 265 265 265 265 265 265 265 265 265 265 265 265 265 
265 265 265 265 265 265 265 265 265 265 265 265 265 265 265 265 265 265 265 265 265 265 265 265 265 265 265 265 265 265 265 265 265 265 265 265 265 265 265 265 265 265 265 265 265 265 265 265 265 265 265 265 265 265 265 265 265 265 265 265 265 265 265 265 265 265 265 265 265 265 265 265 265 265 265 265 265 265 265 265 265 265 265 265 265 265 265 265 265 265 265 265 265 265 265 265 265 265 265 265 
265 265 265 265 265 265 265 265 265 265 265 265 265 265 265 265 265 265 265 265 265 265 265 265 265 265 265 265 265 265 265 265 265 265 265 265 265 265 265 265 265 265 265 265 265 265 265 265 265 278 272 272 272 272 272 272 272 272 272 272 272 272 272 272 272 272 272 272 272 272 272 272 272 272 272 272 272 272 272 272 272 279 265 265 265 265 265 265 265 265 265 265 265 265 265 265 265 265 265 265 
265 265 265 265 265 265 265 265 265 265 265 265 265 265 265 265 265 265 265 265 265 265 265 265 265 265 265 265 265 265 265 265 265 265 265 265 265 265 265 265 265 265 265 265 265 265 265 265 265 268 278 272 272 272 272 272 272 272 272 272 272 272 272 272 272 272 272 272 272 272 272 272 272 272 272 272 272 272 272 272 279 267 265 265 265 265 265 265 265 265 265 265 265 265 265 265 265 265 265 265 
265 265 265 265 265 265 265 265 265 265 265 265 265 265 265 265 265 265 265 265 265 265 265 265 265 265 265 265 265 265 265 265 265 265 265 265 265 265 265 265 265 265 265 265 265 265 265 265 265 268 268 278 272 272 272 272 272 272 272 272 272 272 272 272 272 272 272 272 272 272 272 272 272 272 272 272 272 272 272 279 267 267 265 265 265 265 265 265 265 265 265 265 265 265 265 265 265 265 265 265 
265 265 265 265 265 265 265 265 265 265 265 265 265 265 265 265 265 265 265 265 265 265 265 265 265 265 265 265 265 265 265 265 265 265 265 265 265 265 265 265 265 265 265 265 265 265 265 265 265 268 268 268 266 269 266 266 266 304 300 300 300 300 300 300 300 300 300 300 300 305 266 266 266 269 266 266 266 266 269 267 267 267 265 265 265 265 265 265 265 265 265 265 265 265 265 265 265 265 265 265 
265 265 265 265 265 265 265 265 265 265 265 265 265 265 265 265 265 265 265 265 265 265 265 265 265 265 265 265 265 265 265 265 265 265 265 265 265 265 265 265 265 265 265 265 265 265 265 265 265 268 268 268 266 266 266 269 301 349 300 300 300 300 300 300 300 300 300 300 300 305 266 269 266 266 276 266 266 266 266 267 267 267 265 265 265 265 265 265 265 265 265 265 265 265 265 265 265 265 265 265 
265 265 265 265 265 265 265 265 265 265 265 265 265 265 265 265 265 265 265 265 265 265 265 265 265 265 265 265 265 265 265 265 265 265 265 265 265 265 265 265 265 265 265 265 265 265 265 265 265 268 268 268 269 266 266 301 349 300 300 300 300 300 300 300 300 300 300 300 309 308 266 266 266 266 277 266 269 266 266 267 267 267 265 265 265 265 265 265 265 265 265 265 265 265 265 265 265 265 265 265 
265 265 265 265 265 265 265 265 265 265 265 265 265 265 265 265 265 265 265 265 265 265 265 265 265 265 265 265 265 265 265 265 265 265 265 265 265 265 265 265 265 265 265 265 265 265 265 265 265 268 268 268 266 266 266 304 300 300 300 300 300 300 300 300 300 300 300 309 308 266 266 266 269 266 266 266 266 266 266 267 267 267 265 265 265 265 265 265 265 265 265 265 265 265 265 265 265 265 265 265 
265 265 265 265 265 265 265 265 265 265 265 265 265 265 265 265 265 265 265 265 265 265 265 265 265 265 265 265 265 265 265 265 265 265 265 265 265 265 265 265 265 265 265 265 265 265 265 265 265 268 268 268 266 266 301 349 300 300 300 300 300 300 300 300 300 300 300 305 266 266 266 266 266 266 266 266 266 266 269 267 267 267 265 265 265 265 265 265 265 265 265 265 265 265 265 265 265 265 265 265 
265 265 265 265 265 265 265 265 265 265 265 265 265 265 265 265 265 265 265 265 265 265 265 265 265 265 265 265 265 265 265 265 265 265 265 265 265 265 265 265 265 265 265 265 265 265 265 265 265 268 268 268 266 269 304 300 300 300 300 300 300 300 300 300 300 300 300 305 266 266 266 266 266 266 266 266 266 266 266 267 267 267 265 265 265 265 265 265 265 265 265 265 265 265 265 265 265 265 265 265 
265 265 265 265 265 265 265 265 265 265 265 265 265 265 265 265 265 265 265 265 265 265 265 265 265 265 265 265 265 265 265 265 265 265 265 265 265 265 265 278 272 272 272 272 272 272 272 272 272 299 268 268 266 266 304 300 300 300 300 300 300 300 300 300 300 300 300 305 266 269 266 266 266 266 266 266 266 266 266 267 267 267 265 265 265 265 265 265 265 265 265 265 265 265 265 265 265 265 265 265 
265 265 265 265 265 265 265 265 265 265 265 265 265 265 265 265 265 265 265 265 265 265 265 265 265 265 265 265 265 265 265 265 265 265 265 265 265 265 265 268 278 272 272 272 272 272 272 272 272 272 299 268 266 269 304 300 300 300 300 300 300 300 300 300 300 300 309 308 266 266 269 329 328 328 330 284 285 287 288 267 267 267 265 265 265 265 265 265 265 265 265 265 265 265 265 265 265 265 265 265 
265 265 265 265 265 265 265 265 265 265 265 265 265 265 265 265 265 265 265 265 265 265 265 265 265 265 265 265 265 265 265 265 265 265 265 265 265 265 265 268 268 278 272 272 272 259 272 272 272 272 272 299 266 266 304 300 300 300 300 300 300 300 300 300 300 309 308 266 266 266 331 266 266 266 266 289 290 291 292 267 267 267 265 265 265 265 265 265 265 265 265 265 265 265 265 265 265 265 265 265 
265 265 265 265 265 265 265 265 265 265 265 265 265 265 265 265 265 265 265 265 265 265 265 265 265 265 265 265 265 265 265 265 265 265 265 265 265 265 265 268 268 268 266 269 266 266 266 269 266 266 266 266 266 301 349 300 300 300 300 300 300 300 300 300 309 308 266 266 266 266 331 266 266 283 266 289 290 291 292 267 267 267 265 265 265 265 265 265 265 265 265 265 265 265 265 265 265 265 265 265 
265 265 265 265 265 265 265 265 265 265 265 265 265 265 265 265 265 265 265 265 265 265 265 265 265 265 265 265 265 265 265 265 265 265 265 265 265 265 265 268 268 268 266 266 266 266 266 266 266 266 266 269 301 349 300 300 300 300 300 300 300 300 309 307 308 266 266 266 266 266 331 266 266 266 266 267 290 291 292 267 267 267 265 265 265 265 265 265 265 265 265 265 265 265 265 265 265 265 265 265 
265 265 265 265 265 265 265 265 265 265 265 265 265 265 265 265 265 265 265 265 265 265 265 265 265 265 265 265 265 265 265 265 265 265 265 265 265 265 265 268 268 268 266 266 266 266 266 266 266 269 301 302 349 300 300 300 300 300 300 300 300 309 308 266 266 266 266 266 266 266 331 266 266 266 266 289 293 295 292 267 267 267 265 265 265 265 265 265 265 265 265 265 265 265 265 265 265 265 265 265 
265 265 265 265 265 265 265 265 265 265 265 265 265 265 265 265 265 265 265 265 265 265 265 265 265 265 265 265 265 265 265 265 265 265 265 265 265 265 265 268 268 268 269 266 266 266 266 266 266 301 349 300 300 300 300 300 300 300 300 309 307 308 266 266 266 266 266 266 266 266 333 266 266 266 266 296 298 298 299 267 267 267 265 265 265 265 265 265 265 265 265 265 265 265 265 265 265 265 265 265 
265 265 265 265 265 265 265 265 265 265 265 265 265 265 265 265 265 265 265 265 265 265 265 265 265 265 265 265 265 265 265 265 265 265 265 265 265 265 265 268 268 268 266 266 266 266 266 266 301 349 300 300 300 300 300 300 300 309 307 308 266 269 329 328 328 328 328 328 328 330 269 266 269 266 269 269 266 266 266 267 267 267 265 265 265 265 265 265 265 265 265 265 265 265 265 265 265 265 265 265 
265 265 265 265 265 265 265 265 265 265 265 265 265 265 265 265 265 265 265 265 265 265 265 265 265 265 265 265 265 265 265 265 265 265 265 265 265 265 265 268 268 268 266 269 266 266 266 301 349 300 300 300 300 300 300 300 309 308 266 266 266 266 266 266 266 266 266 266 266 266 266 269 266 266 266 266 266 266 266 267 267 267 265 265 265 265 265 265 265 265 265 265 265 265 265 265 265 265 265 265 
265 265 265 265 265 265 265 265 265 265 265 265 265 265 265 265 265 265 265 265 265 265 265 265 265 265 265 265 265 265 265 265 265 265 265 265 265 265 265 268 268 268 266 266 338 6 339 349 300 300 300 300 300 300 309 307 308 269 266 269 266 266 266 266 266 266 269 266 266 266 266 266 266 266 266 266 266 266 266 267 267 267 265 265 265 265 265 265 265 265 265 265 265 265 265 265 265 265 265 265 
265 265 265 265 265 265 265 265 265 265 265 265 265 265 265 265 265 265 265 265 265 265 265 265 265 265 265 265 265 265 265 265 265 265 265 265 265 265 265 268 268 268 266 266 341 6 346 307 307 300 300 300 300 309 308 266 266 266 266 266 266 266 269 266 266 266 266 266 266 266 266 266 266 266 269 266 266 266 266 267 267 267 265 265 265 265 265 265 265 265 265 265 265 265 265 265 265 265 265 265 
265 265 265 265 265 265 265 265 265 265 265 265 265 265 265 265 265 265 265 265 265 265 265 265 265 265 265 265 265 265 265 265 265 265 265 265 265 265 265 268 268 268 266 301 349 6 6 266 266 304 300 309 307 308 266 266 266 266 266 266 266 266 266 266 269 266 266 266 266 266 269 266 266 266 266 266 266 266 266 267 267 267 265 265 265 265 265 265 265 265 265 265 265 265 265 265 265 265 265 265 
265 265 265 265 265 265 265 265 265 265 265 265 265 265 265 265 265 265 265 265 265 265 265 265 265 265 265 265 265 265 265 265 265 265 265 265 265 265 265 268 268 268 302 349 300 300 342 266 338 349 309 308 266 266 266 266 269 284 285 286 286 287 288 266 266 266 266 266 266 266 266 266 266 266 266 266 266 269 266 267 267 267 265 265 265 265 265 265 265 265 265 265 265 265 265 265 265 265 265 265 
265 265 265 265 265 265 265 265 265 265 265 265 265 265 265 265 265 265 265 265 265 265 265 265 265 265 265 265 265 265 265 265 265 265 265 265 265 265 265 268 268 268 300 300 300 300 348 6 349 309 308 266 266 266 266 266 266 267 290 266 266 291 292 266 266 266 266 266 266 266 266 266 266 266 266 266 269 266 266 267 267 267 265 265 265 265 265 265 265 265 265 265 265 265 265 265 265 265 265 265 
265 265 265 265 265 265 265 265 265 265 265 265 265 265 265 265 265 265 265 265 265 265 265 265 265 265 265 265 265 265 265 265 265 265 265 265 265 265 265 268 268 268 300 300 300 300 309 6 307 308 266 266 266 266 269 266 266 267 293 294 294 295 292 266 266 266 266 266 266 266 266 266 266 266 266 266 276 269 266 267 267 267 265 265 265 265 265 265 265 265 265 265 265 265 265 265 265 265 265 265 
265 265 265 265 265 265 265 265 265 265 265 265 265 265 265 265 265 265 265 265 265 265 265 265 265 265 265 265 265 265 265 265 265 265 265 265 265 265 265 268 268 268 300 300 300 309 308 266 266 266 266 269 266 266 266 266 266 296 297 298 298 297 299 266 266 269 266 266 266 266 266 266 266 266 266 266 277 266 266 267 267 267 265 265 265 265 265 265 265 265 265 265 265 265 265 265 265 265 265 265 
265 265 265 265 265 265 265 265 265 265 265 265 265 265 265 265 265 265 265 265 265 265 265 265 265 265 265 265 265 265 265 265 265 265 265 265 265 265 265 268 268 268 300 300 300 305 266 266 266 266 266 266 266 266 266 266 266 266 269 266 266 266 266 266 266 266 266 266 266 266 266 266 266 266 266 266 266 266 266 267 267 267 265 265 265 265 265 265 265 265 265 265 265 265 265 265 265 265 265 265 
265 265 265 265 265 265 265 265 265 265 265 265 265 265 265 265 265 265 265 265 265 265 265 265 265 265 265 265 265 265 265 265 265 265 265 265 265 265 265 268 268 268 300 300 309 308 266 266 266 266 266 266 269 266 266 269 266 266 266 266 266 266 266 269 266 266 266 266 266 266 266 269 266 266 266 266 266 266 266 267 267 267 265 265 265 265 265 265 265 265 265 265 265 265 265 265 265 265 265 265 
265 265 265 265 265 265 265 265 265 265 265 265 265 265 265 265 265 265 265 265 265 265 265 265 265 265 265 265 265 265 265 265 265 265 265 265 265 265 265 268 268 268 300 300 305 266 266 266 266 266 266 266 266 266 266 266 266 266 266 266 266 266 266 266 266 266 266 266 266 266 266 266 266 266 266 266 269 266 266 267 267 267 265 265 265 265 265 265 265 265 265 265 265 265 265 265 265 265 265 265 
265 265 265 265 265 265 265 265 265 265 265 265 265 265 265 265 265 265 265 265 265 265 265 265 265 265 265 265 265 265 265 265 265 265 265 265 265 265 265 268 268 268 285 286 286 286 286 286 286 286 286 286 286 286 286 286 286 286 286 286 286 286 286 286 286 4 286 286 286 286 286 286 286 286 286 286 286 286 286 267 267 267 265 265 265 265 265 265 265 265 265 265 265 265 265 265 265 265 265 265 
265 265 265 265 265 265 265 265 265 265 265 265 265 265 265 265 265 265 265 265 265 265 265 265 265 265 265 265 265 265 265 265 265 265 265 265 265 265 265 268 268 268 290 266 266 266 266 266 266 266 266 266 266 266 266 266 266 266 332 266 266 266 266 266 266 266 266 266 266 266 266 266 266 266 266 266 266 266 266 267 267 267 265 265 265 265 265 265 265 265 265 265 265 265 265 265 265 265 265 265 
265 265 265 265 265 265 265 265 265 265 265 265 265 265 265 265 265 265 265 265 265 265 265 265 265 265 265 265 265 265 265 265 265 265 265 265 265 265 265 268 268 268 290 266 266 266 266 266 266 266 266 266 266 266 266 266 266 266 333 266 266 266 266 266 266 266 266 266 266 266 266 266 266 266 266 266 266 266 266 267 267 267 265 265 265 265 265 265 265 265 265 265 265 265 265 265 265 265 265 265 
265 265 265 265 265 265 265 265 265 265 265 265 265 265 265 265 265 265 265 265 265 265 265 265 265 265 265 265 265 265 265 265 265 265 265 265 265 265 265 268 268 268 273 273 273 273 273 273 273 273 273 280 281 282 273 273 273 273 273 273 273 273 273 273 273 273 273 280 281 282 273 273 273 273 273 273 273 273 273 267 267 267 265 265 265 265 265 265 265 265 265 265 265 265 265 265 265 265 265 265 
265 265 265 265 265 265 265 265 265 265 265 265 265 265 265 265 265 265 265 265 265 265 265 265 265 265 265 265 265 265 265 265 265 265 265 265 265 265 265 268 268 268 273 273 273 273 273 273 273 273 273 273 273 273 273 273 273 273 273 273 273 273 273 273 273 273 273 273 273 273 273 273 273 273 273 273 273 273 273 267 267 267 265 265 265 265 265 265 265 265 265 265 265 265 265 265 265 265 265 265 
265 265 265 265 265 265 265 265 265 265 265 265 265 265 265 265 265 265 265 265 265 265 265 265 265 265 265 265 265 265 265 265 265 265 265 265 265 265 265 268 268 268 265 265 265 265 265 265 265 265 265 265 265 265 265 265 265 265 265 265 265 265 265 265 265 265 265 265 265 265 265 265 265 265 265 265 265 265 265 267 267 267 265 265 265 265 265 265 265 265 265 265 265 265 265 265 265 265 265 265 
265 265 265 265 265 265 265 265 265 265 265 265 265 265 265 265 265 265 265 265 265 265 265 265 265 265 265 265 265 265 265 265 265 265 265 265 265 265 265 268 268 268 265 265 265 265 265 265 265 265 265 265 265 265 265 265 265 265 265 265 265 265 265 265 265 265 265 265 265 265 265 265 265 265 265 265 265 265 265 267 267 267 265 265 265 265 265 265 265 265 265 265 265 265 265 265 265 265 265 265 
265 265 265 265 265 265 265 265 265 265 265 265 265 265 265 265 265 265 265 265 265 265 265 265 265 265 265 265 265 265 265 265 265 265 265 265 265 265 265 268 268 268 265 265 265 265 265 265 265 265 265 265 265 265 265 265 265 265 265 265 265 265 265 265 265 265 265 265 265 265 265 265 265 265 265 265 265 265 265 267 267 267 265 265 265 265 265 265 265 265 265 265 265 265 265 265 265 265 265 265 
265 265 265 265 265 265 265 265 265 265 265 265 265 265 265 265 265 265 265 265 265 265 265 265 265 265 265 265 265 265 265 265 265 265 265 265 265 265 265 268 268 268 265 265 265 265 265 265 265 265 265 265 265 265 265 265 265 265 265 265 265 265 265 265 265 265 265 265 265 265 265 265 265 265 265 265 265 265 265 289 289 289 265 265 265 265 265 265 265 265 265 265 265 265 265 265 265 265 265 265 
265 265 265 265 265 265 265 265 265 265 265 265 265 265 265 265 265 265 265 265 265 265 265 265 265 265 265 265 265 265 265 265 265 265 265 265 265 265 265 268 268 268 265 265 265 265 265 265 265 265 265 265 265 265 265 265 265 265 265 265 265 265 265 265 265 265 265 265 265 265 265 265 265 265 265 265 265 265 265 289 289 289 265 265 265 265 265 265 265 265 265 265 265 265 265 265 265 265 265 265 
265 265 265 265 265 265 265 265 265 265 265 265 265 265 265 265 265 265 265 265 265 265 265 265 265 265 265 265 265 265 265 265 265 265 265 265 265 265 265 268 268 268 265 265 265 265 265 265 265 265 265 265 265 265 265 265 265 265 265 265 265 265 265 265 265 265 265 265 265 265 265 265 265 265 265 265 265 265 265 289 289 289 265 265 265 265 265 265 265 265 265 265 265 265 265 265 265 265 265 265 
265 265 265 265 265 265 265 265 265 265 265 265 265 265 265 265 265 265 265 265 265 265 265 265 265 265 265 265 265 265 265 265 265 265 265 265 265 265 265 268 268 268 265 265 265 265 265 265 265 265 265 265 265 265 265 265 265 265 265 265 265 265 265 265 265 265 265 265 265 265 265 265 265 265 265 265 265 265 265 289 289 289 265 265 265 265 265 265 265 265 265 265 265 265 265 265 265 265 265 265 
265 265 265 265 265 265 265 265 265 265 265 265 265 265 265 265 265 265 265 265 265 265 265 265 265 265 265 265 265 265 265 265 265 265 265 265 265 265 265 268 268 268 265 265 265 265 265 265 265 265 265 265 265 265 265 265 265 265 265 265 265 265 265 265 265 265 265 265 265 265 265 265 265 265 265 265 265 265 265 289 289 289 265 265 265 265 265 265 265 265 265 265 265 265 265 265 265 265 265 265 
265 265 265 265 265 265 265 265 265 265 265 265 265 265 265 265 265 265 265 265 265 265 265 265 265 265 265 265 265 265 265 265 265 265 265 265 265 265 265 268 268 268 265 265 265 265 265 265 265 265 265 265 265 265 265 265 265 265 265 265 265 265 265 265 265 265 265 265 265 265 265 265 265 265 265 265 265 265 265 289 289 289 265 265 265 265 265 265 265 265 265 265 265 265 265 265 265 265 265 265 
265 265 265 265 265 265 265 265 265 265 265 265 265 265 265 265 265 265 265 265 265 265 265 265 265 265 265 265 265 265 265 265 265 265 265 265 265 265 265 268 268 268 265 265 265 265 265 265 265 265 265 265 265 265 265 265 265 265 265 265 265 265 265 265 265 265 265 265 265 265 265 265 265 265 265 265 265 265 265 289 289 289 265 265 265 265 265 265 265 265 265 265 265 265 265 265 265 265 265 265 
