265 265 265 265 265 265 265 265 265 265 265 265 265 265 265 265 265 265 265 265 265 265 265 265 265 265 265 265 265 265 265 265 265 265 265 265 265 265 265 265 265 265 265 265 265 265 265 265 265 265 265 265 265 265 265 265 265 265 265 265 265 265 265 265 265 265 265 265 265 265 265 265 265 265 265 265 265 265 265 265 265 265 265 265 265 265 265 265 265 265 265 265 265 265 265 265 265 265 265 265 
265 265 265 265 265 265 265 265 265 265 265 265 265 265 265 265 265 265 265 265 265 265 265 265 265 265 265 265 265 265 265 265 265 265 265 265 265 265 265 265 265 265 265 265 265 265 265 265 265 265 265 265 265 265 265 265 265 265 265 265 265 265 265 265 265 265 265 265 265 265 265 265 265 265 265 265 265 265 265 265 265 265 265 265 265 265 265 265 265 265 265 265 265 265 265 265 265 265 265 265 
265 265 265 265 265 265 265 265 265 265 265 265 265 265 265 265 265 265 265 265 265 265 265 265 265 265 265 265 265 265 265 265 265 265 265 265 265 265 265 265 265 265 265 265 265 265 265 265 265 265 265 265 265 265 265 265 265 265 265 265 265 265 265 265 265 265 265 265 265 265 265 265 265 265 265 265 265 265 265 265 265 265 265 265 265 265 265 265 265 265 265 265 265 265 265 265 265 265 265 265 
265 265 265 265 265 265 265 265 265 265 265 265 265 265 265 265 265 265 265 265 265 265 265 265 265 265 265 265 265 265 265 265 265 265 265 265 265 265 265 265 265 265 265 265 265 265 265 265 265 265 265 265 265 265 265 265 265 265 265 265 265 265 265 265 265 265 265 265 265 265 265 265 265 265 265 265 265 265 265 265 265 265 265 265 265 265 265 265 265 265 265 265 265 265 265 265 265 265 265 265 
265 265 265 265 265 265 265 265 265 265 265 265 265 265 265 265 265 265 265 265 265 265 265 265 265 265 265 265 265 265 265 265 265 265 265 265 265 265 265 265 265 265 265 265 265 265 265 265 265 265 265 265 265 265 265 265 265 265 265 265 265 265 265 265 265 265 265 265 265 265 265 265 265 265 265 265 265 265 265 265 265 265 265 265 265 265 265 265 265 265 265 265 265 265 265 265 265 265 265 265 
265 265 265 265 265 265 265 265 265 265 265 265 265 265 265 265 265 265 265 265 265 265 265 265 265 265 265 265 265 265 265 265 265 265 265 265 265 265 265 265 265 265 265 265 265 265 265 265 265 265 265 265 265 265 265 265 265 265 265 265 265 265 265 265 265 265 265 265 265 265 265 265 265 265 265 265 265 265 265 265 265 265 265 265 265 265 265 265 265 265 265 265 265 265 265 265 265 265 265 265 
265 265 265 265 265 265 265 265 265 265 265 265 265 265 265 265 265 265 265 265 265 265 265 265 265 265 265 265 265 265 265 265 265 265 265 265 265 265 265 265 265 265 265 265 265 265 265 265 265 265 265 265 265 265 265 265 265 265 265 265 265 265 265 265 265 265 265 265 265 265 265 265 265 265 265 265 265 265 265 265 265 265 265 265 265 265 265 265 265 265 265 265 265 265 265 265 265 265 265 265 
265 265 265 265 265 265 265 265 265 265 265 265 265 265 265 265 265 265 265 265 265 265 265 265 265 265 265 265 265 265 265 265 265 265 265 265 265 265 265 265 265 265 265 265 265 265 265 265 265 265 265 265 265 265 265 265 265 265 265 265 265 265 265 265 265 265 265 265 265 265 265 265 265 265 265 265 265 265 265 265 265 265 265 265 265 265 265 265 265 265 265 265 265 265 265 265 265 265 265 265 
265 265 265 265 265 265 265 265 265 265 265 265 265 265 265 265 265 265 265 265 265 265 265 265 265 265 265 265 265 265 265 265 265 265 265 265 265 265 265 265 265 265 265 265 265 265 265 265 265 265 265 265 265 265 265 265 265 265 265 265 265 265 265 265 265 265 265 265 265 265 265 265 265 265 265 265 265 265 265 265 265 265 265 265 265 265 265 265 265 265 265 265 265 265 265 265 265 265 265 265 
265 265 265 265 265 265 265 265 265 265 265 265 265 265 265 265 265 265 265 265 265 265 265 265 265 265 265 265 265 265 265 265 265 265 265 265 265 265 265 265 265 265 265 265 265 265 265 265 265 265 265 265 265 265 265 265 265 265 265 265 265 265 265 265 265 265 265 265 265 265 265 265 265 265 265 265 265 265 265 265 265 265 265 265 265 265 265 265 265 265 265 265 265 265 265 265 265 265 265 265 
265 265 265 265 265 265 265 265 265 265 265 265 265 265 265 265 265 265 265 265 265 265 265 265 265 265 265 265 265 265 265 265 265 265 265 265 265 265 265 265 265 265 265 265 265 265 265 265 265 265 265 265 265 265 265 265 265 265 265 265 265 265 265 265 265 265 265 265 265 265 265 265 265 265 265 265 265 265 265 265 265 265 265 265 265 265 265 265 265 265 265 265 265 265 265 265 265 265 265 265 
265 265 265 265 265 265 265 265 265 265 265 265 265 265 265 265 265 265 265 265 265 265 265 265 265 265 265 265 265 265 265 265 265 265 265 265 265 265 265 265 265 265 265 265 265 265 265 265 265 265 265 265 265 265 265 265 265 265 265 265 265 265 265 265 265 265 265 265 265 265 265 265 265 265 265 265 265 265 265 265 265 265 265 265 265 265 265 265 265 265 265 265 265 265 265 265 265 265 265 265 
265 265 265 265 265 265 265 265 265 265 265 265 265 265 265 265 265 265 265 265 265 265 265 265 265 265 265 265 265 265 265 265 265 265 265 265 265 265 265 265 265 265 265 265 265 265 265 265 265 265 265 265 265 265 265 265 265 265 265 265 265 265 265 265 265 265 265 265 265 265 265 265 265 265 265 265 265 265 265 265 265 265 265 265 265 265 265 265 265 265 265 265 265 265 265 265 265 265 265 265 
265 265 265 265 265 265 265 265 265 265 265 265 265 265 265 265 265 265 265 265 265 265 265 265 265 265 265 265 265 265 265 265 265 265 265 265 265 265 265 265 265 265 265 265 265 265 265 265 265 265 265 265 265 265 265 265 265 265 265 265 265 265 265 265 265 265 265 265 265 265 265 265 265 265 265 265 265 265 265 265 265 265 265 265 265 265 265 265 265 265 265 265 265 265 265 265 265 265 265 265 
265 265 265 265 265 265 265 265 265 265 265 265 265 265 265 265 265 265 265 265 265 265 265 265 265 265 265 265 265 265 265 265 265 265 265 265 265 265 265 265 265 265 265 265 265 265 265 265 265 265 265 265 265 265 265 265 265 265 265 265 265 265 265 265 265 265 265 265 265 265 265 265 265 265 265 265 265 265 265 265 265 265 265 265 265 265 265 265 265 265 265 265 265 265 265 265 265 265 265 265 
265 265 265 265 265 265 265 265 265 265 265 265 265 265 265 265 265 265 265 265 265 265 265 265 265 265 265 265 265 265 265 265 265 265 265 265 265 265 265 265 265 265 265 265 265 265 265 265 265 265 265 265 265 265 265 265 265 265 265 265 265 265 265 265 265 265 265 265 265 265 265 265 265 265 265 265 265 265 265 265 265 265 265 265 265 265 265 265 265 265 265 265 265 265 265 265 265 265 265 265 
265 265 265 265 265 265 265 265 265 265 265 265 265 265 265 265 265 265 265 265 265 265 265 265 265 265 265 265 265 265 265 265 265 265 265 265 265 265 265 265 265 265 265 265 265 265 265 265 265 265 265 265 265 265 265 265 265 265 265 265 265 265 265 265 265 265 265 265 265 265 265 265 265 265 265 265 265 265 265 265 265 265 265 265 265 265 265 265 265 265 265 265 265 265 265 265 265 265 265 265 
265 265 265 265 265 265 265 265 265 265 265 265 265 265 265 265 265 265 265 265 265 265 265 265 265 265 265 265 265 265 265 265 265 265 265 265 265 265 265 265 265 265 265 265 265 265 265 265 265 265 265 265 265 265 265 265 265 265 265 265 265 265 265 265 265 265 265 265 265 265 265 265 265 265 265 265 265 265 265 265 265 265 265 265 265 265 265 265 265 265 265 265 265 265 265 265 265 265 265 265 
265 265 265 265 265 265 265 265 265 265 265 265 265 265 265 265 265 265 265 265 265 265 265 265 265 265 265 265 265 265 265 265 265 265 265 265 265 265 265 265 265 265 265 265 265 265 265 265 265 265 265 265 265 265 265 265 265 265 265 265 265 265 265 265 265 265 265 265 265 265 265 265 265 265 265 265 265 265 265 265 265 265 265 265 265 265 265 265 265 265 265 265 265 265 265 265 265 265 265 265 
265 265 265 265 265 265 265 265 265 265 265 265 265 265 265 265 265 265 265 265 265 265 265 265 265 265 265 265 265 265 265 265 265 265 265 265 265 265 265 265 265 265 265 265 265 265 265 265 265 265 265 265 265 265 265 265 265 265 265 265 265 265 265 265 265 265 265 265 265 265 265 265 265 265 265 265 265 265 265 265 265 265 265 265 265 265 265 265 265 265 265 265 265 265 265 265 265 265 265 265 
265 265 265 265 265 265 265 265 265 265 265 265 265 265 265 265 265 265 265 265 265 265 265 265 265 265 265 265 265 265 265 265 265 265 265 265 265 265 265 265 265 265 265 265 265 265 265 265 265 265 265 265 265 265 265 265 265 265 265 265 265 265 265 265 265 265 265 265 265 265 265 265 265 265 265 265 265 265 265 265 265 265 265 265 265 265 265 265 265 265 265 265 265 265 265 265 265 265 265 265 
265 265 265 265 265 265 265 265 265 265 265 265 265 265 265 265 265 265 265 265 265 265 265 265 265 265 265 265 265 265 265 265 265 265 265 265 265 265 265 265 265 265 265 265 265 265 265 265 265 265 265 265 265 265 265 265 265 265 265 265 265 265 265 265 265 265 265 265 265 265 265 265 265 265 265 265 265 265 265 265 265 265 265 265 265 265 265 265 265 265 265 265 265 265 265 265 265 265 265 265 
265 265 265 265 265 265 265 265 265 265 265 265 265 265 265 265 265 265 265 265 265 265 265 265 265 265 265 265 265 265 265 265 265 265 265 265 265 265 265 265 265 265 265 265 265 265 265 265 265 265 265 265 265 265 265 265 265 265 265 265 265 265 265 265 265 265 265 265 265 265 265 265 265 265 265 265 265 265 265 265 265 265 265 265 265 265 265 265 265 265 265 265 265 265 265 265 265 265 265 265 
265 265 265 265 265 265 265 265 265 265 265 265 265 265 265 265 265 265 265 265 265 265 265 265 265 265 265 265 265 265 265 265 265 265 265 265 265 265 265 265 265 265 265 265 265 265 265 265 265 265 265 265 265 265 265 265 265 265 265 265 265 265 265 265 265 265 265 265 265 265 265 265 265 265 265 265 265 265 265 265 265 265 265 265 265 265 265 265 265 265 265 265 265 265 265 265 265 265 265 265 
265 265 265 265 265 265 265 265 265 265 265 265 265 265 265 265 265 265 265 265 265 265 265 265 265 265 265 265 265 265 265 265 265 265 265 265 265 265 265 265 265 265 265 265 265 265 265 265 265 265 265 265 265 265 265 265 265 265 265 265 265 265 265 265 265 265 265 265 265 265 265 265 265 265 265 265 265 265 265 265 265 265 265 265 265 265 265 265 265 265 265 265 265 265 265 265 265 265 265 265 
265 265 265 265 265 265 265 265 265 265 265 265 265 265 265 265 265 265 265 265 265 265 265 265 265 265 265 265 265 265 265 265 265 265 265 265 265 265 265 265 265 265 265 265 265 265 265 265 265 265 265 265 265 265 265 265 265 265 265 265 265 265 265 265 265 265 265 265 265 265 265 265 265 265 265 265 265 265 265 265 265 265 265 265 265 265 265 265 265 265 265 265 265 265 265 265 265 265 265 265 
265 265 265 265 265 265 265 265 265 265 265 265 265 265 265 265 265 265 265 265 265 265 265 265 265 265 265 265 265 265 265 265 265 265 265 265 265 265 265 265 265 265 265 265 265 265 265 265 265 265 265 265 265 265 265 265 265 265 265 265 265 265 265 265 265 265 265 265 265 265 265 265 265 265 265 265 265 265 265 265 265 265 265 265 265 265 265 265 265 265 265 265 265 265 265 265 265 265 265 265 
265 265 265 265 265 265 265 265 265 265 265 265 265 265 265 265 265 265 265 265 265 265 265 265 265 265 265 265 265 265 265 265 265 265 265 265 265 265 265 265 265 265 265 265 265 265 265 265 265 265 265 265 265 265 265 265 265 265 265 265 265 265 265 265 265 265 265 265 265 265 265 265 265 265 265 265 265 265 265 265 265 265 265 265 265 265 265 265 265 265 265 265 265 265 265 265 265 265 265 265 
265 265 265 265 265 265 265 265 265 265 265 265 265 265 265 265 265 265 265 265 265 265 265 265 265 265 265 265 265 265 265 265 265 265 265 265 265 265 265 265 265 265 265 265 265 265 265 265 265 265 265 265 265 265 265 265 265 265 265 265 265 265 265 265 265 265 265 265 265 265 265 265 265 265 265 265 265 265 265 265 265 265 265 265 265 265 265 265 265 265 265 265 265 265 265 265 265 265 265 265 
265 265 265 265 265 265 265 265 265 265 265 265 265 265 265 265 265 265 265 265 265 265 265 265 265 265 265 265 265 265 265 265 265 265 265 265 265 265 265 265 265 265 265 265 265 265 265 265 265 265 265 265 265 265 265 265 265 265 265 265 265 265 265 265 265 265 265 265 265 265 265 265 265 265 265 265 265 265 265 265 265 265 265 265 265 265 265 265 265 265 265 265 265 265 265 265 265 265 265 265 
265 265 265 265 265 265 265 265 265 265 265 265 265 265 265 265 265 265 265 265 265 265 265 265 265 265 265 265 265 265 265 265 265 265 265 265 265 265 265 265 265 265 265 265 265 265 265 265 265 265 265 265 265 265 265 265 265 265 265 265 265 265 265 265 265 265 265 265 265 265 265 265 265 265 265 265 265 265 265 265 265 265 265 265 265 265 265 265 265 265 265 265 265 265 265 265 265 265 265 265 
265 265 265 265 265 265 265 265 265 265 265 265 265 265 265 265 265 265 265 265 265 265 265 265 265 265 265 265 265 265 265 265 265 265 265 265 265 265 265 265 265 265 265 265 265 265 265 265 265 265 265 265 265 265 265 265 265 265 265 265 265 265 265 265 265 265 265 265 265 265 265 265 265 265 265 265 265 265 265 265 265 265 265 265 265 265 265 265 265 265 265 265 265 265 265 265 265 265 265 265 
265 265 265 265 265 265 265 265 265 265 265 265 265 265 265 265 265 265 265 265 265 265 265 265 265 265 265 265 265 265 265 265 265 265 265 265 265 265 265 265 265 265 265 265 265 265 265 265 265 265 265 265 265 265 265 265 265 265 265 265 265 265 265 265 265 265 265 265 265 265 265 265 265 265 265 265 265 265 265 265 265 265 265 265 265 265 265 265 265 265 265 265 265 265 265 265 265 265 265 265 
265 265 265 265 265 265 265 265 265 265 265 265 265 265 265 265 265 265 265 265 265 265 265 265 265 265 265 265 265 265 265 265 265 265 265 265 265 265 265 265 265 265 265 265 265 265 265 265 265 265 265 265 265 265 265 265 265 265 265 265 265 265 265 265 265 265 265 265 265 265 265 265 265 265 265 265 265 265 265 265 265 265 265 265 265 265 265 265 265 265 265 265 265 265 265 265 265 265 265 265 
265 265 265 265 265 265 265 265 265 265 265 265 265 265 265 265 265 265 265 265 265 265 265 265 265 265 265 265 265 265 265 265 265 265 265 265 265 265 265 265 265 265 265 265 265 265 265 265 265 265 265 265 265 265 265 265 265 265 265 265 265 265 265 265 265 265 265 265 265 265 265 265 265 265 265 265 265 265 265 265 265 265 265 265 265 265 265 265 265 265 265 265 265 265 265 265 265 265 265 265 
265 265 265 265 265 265 265 265 265 265 265 265 265 265 265 265 265 265 265 265 265 265 265 265 265 265 265 265 265 265 265 265 265 265 265 265 265 265 265 265 265 265 265 265 265 265 265 265 265 265 265 265 265 265 265 265 265 265 265 265 265 265 265 265 265 265 265 265 265 265 265 265 265 265 265 265 265 265 265 265 265 265 265 265 265 265 265 265 265 265 265 265 265 265 265 265 265 265 265 265 
265 265 265 265 265 265 265 265 265 265 265 265 265 265 265 265 265 265 265 265 265 265 265 265 265 265 265 265 265 265 265 265 265 265 265 265 265 265 265 265 265 265 265 265 265 265 265 265 265 265 265 265 265 265 265 265 265 265 265 265 265 265 265 265 265 265 265 265 265 265 265 265 265 265 265 265 265 265 265 265 265 265 265 265 265 265 265 265 265 265 265 265 265 265 265 265 265 265 265 265 
265 265 265 265 265 265 265 265 265 265 265 265 265 265 265 265 265 265 265 265 265 265 265 265 265 265 265 265 265 265 265 265 265 265 265 265 265 265 265 265 265 265 265 265 265 265 265 265 265 265 265 265 265 265 265 265 265 265 265 265 265 265 265 265 265 265 265 265 265 265 265 265 265 265 265 265 265 265 265 265 265 265 265 265 265 265 265 265 265 265 265 265 265 265 265 265 265 265 265 265 
265 265 265 265 265 265 265 265 265 265 265 265 265 265 265 265 265 265 265 265 265 265 265 265 265 265 265 265 265 265 265 265 265 265 265 265 265 265 265 265 265 265 265 265 265 265 265 265 265 265 265 265 265 265 265 265 265 265 265 265 265 265 265 265 265 265 265 265 265 265 265 265 265 265 265 265 265 265 265 265 265 265 265 265 265 265 265 265 265 265 265 265 265 265 265 265 265 265 265 265 
265 265 265 265 265 265 265 265 265 265 265 265 265 265 265 265 265 265 265 265 265 265 265 265 265 265 265 265 265 265 265 265 265 265 265 265 265 265 265 265 265 265 265 265 265 265 265 265 265 265 265 265 265 265 265 265 265 265 265 265 265 265 265 265 265 265 265 265 265 265 265 265 265 265 265 265 265 265 265 265 265 265 265 265 265 265 265 265 265 265 265 265 265 265 265 265 265 265 265 265 
265 265 265 265 265 265 265 265 265 265 265 265 265 265 265 265 265 265 265 265 265 265 265 265 265 265 265 265 265 265 265 265 265 265 265 265 265 265 265 265 265 265 265 265 265 265 265 265 265 265 265 265 265 265 265 265 265 265 265 265 265 265 265 265 265 265 265 265 265 265 265 265 265 265 265 265 265 265 265 265 265 265 265 265 265 265 265 265 265 265 265 265 265 265 265 265 265 265 265 265 
265 265 265 265 265 265 265 265 265 265 265 265 265 265 265 265 265 265 265 265 265 265 265 265 265 265 265 265 265 265 265 265 265 265 265 265 265 265 265 265 265 265 265 265 265 265 265 265 265 265 265 265 265 265 265 265 265 265 265 265 265 265 265 265 265 265 265 265 265 265 265 265 265 265 265 265 265 265 265 265 265 265 265 265 265 265 265 265 265 265 265 265 265 265 265 265 265 265 265 265 
265 265 265 265 265 265 265 265 265 265 265 265 265 265 265 265 265 265 265 265 265 265 265 265 265 265 265 265 265 265 265 265 265 265 265 265 265 265 265 265 265 265 265 265 265 265 265 265 265 265 265 265 265 265 265 265 265 265 265 265 265 265 265 265 265 265 265 265 265 265 265 265 265 265 265 265 265 265 265 265 265 265 265 265 265 265 265 265 265 265 265 265 265 265 265 265 265 265 265 265 
265 265 265 265 265 265 265 265 265 265 265 265 265 265 265 265 265 265 265 265 265 265 265 265 265 265 265 265 265 265 265 265 265 265 265 265 265 265 265 265 265 265 265 265 265 265 265 265 265 265 265 265 265 265 265 265 265 265 265 265 265 265 265 265 265 265 265 265 265 265 265 265 265 265 265 265 265 265 265 265 265 265 265 265 265 265 265 265 265 265 265 265 265 265 265 265 265 265 265 265 
265 265 265 265 265 265 265 265 265 265 265 265 265 265 265 265 265 265 265 265 265 265 265 265 265 265 265 265 265 265 265 265 265 265 265 265 265 265 265 265 265 265 265 265 265 265 265 265 265 265 265 265 265 265 265 265 265 265 265 265 265 265 265 265 265 265 265 265 265 265 265 265 265 265 265 265 265 265 265 265 265 265 265 265 265 265 265 265 265 265 265 265 265 265 265 265 265 265 265 265 
265 265 265 265 265 265 265 265 265 265 265 265 265 265 265 265 265 265 265 265 265 265 265 265 265 265 265 265 265 265 265 265 265 265 265 265 265 265 265 265 265 265 265 265 265 265 265 265 265 265 265 265 265 265 265 265 265 265 265 265 265 265 265 265 265 265 265 265 265 265 265 265 265 265 265 265 265 265 265 265 265 265 265 265 265 265 265 265 265 265 265 265 265 265 265 265 265 265 265 265 
265 265 265 265 265 265 265 265 265 265 265 265 265 265 265 265 265 265 265 265 265 265 265 265 265 265 265 265 265 265 265 265 265 265 265 265 265 265 265 265 265 265 265 265 265 265 265 265 265 265 265 265 265 265 265 265 265 265 265 265 265 265 265 265 265 265 265 265 265 265 265 265 265 265 265 265 265 265 265 265 265 265 265 265 265 265 265 265 265 265 265 265 265 265 265 265 265 265 265 265 
265 265 265 265 265 265 265 265 265 265 265 265 265 265 265 265 265 265 265 265 265 265 265 265 265 265 265 265 265 265 265 265 265 265 265 265 265 265 265 265 265 265 265 265 265 265 265 265 265 265 265 265 265 265 265 265 265 265 265 265 265 265 265 265 265 265 265 265 265 265 265 265 265 265 265 265 265 265 265 265 265 265 265 265 265 265 265 265 265 265 265 265 265 265 265 265 265 265 265 265 
265 265 265 265 265 265 265 265 265 265 265 265 265 265 265 265 265 265 265 265 265 265 265 265 265 265 265 278 272 272 272 272 272 272 272 272 272 272 272 272 272 272 272 272 272 272 272 272 272 272 272 272 272 272 272 272 272 272 272 272 272 272 272 272 272 272 279 265 265 265 265 265 265 265 265 265 265 265 265 265 265 265 265 265 265 265 265 265 265 265 265 265 265 265 265 265 265 265 265 265 
265 265 265 265 265 265 265 265 265 265 265 265 265 265 265 265 265 265 265 265 265 265 265 265 265 265 265 268 278 272 272 272 272 272 272 272 272 272 272 272 272 272 259 272 272 272 272 272 272 272 272 272 272 272 272 272 272 272 272 272 272 272 272 272 272 279 289 265 265 265 265 265 265 265 265 265 265 265 265 265 265 265 265 265 265 265 265 265 265 265 265 265 265 265 265 265 265 265 265 265 
265 265 265 265 265 265 265 265 265 265 265 265 265 265 265 265 265 265 265 265 265 265 265 265 265 265 265 268 268 266 266 276 266 266 266 291 268 291 292 266 266 266 266 266 266 266 6 269 269 269 269 266 266 266 266 269 269 269 269 269 266 269 269 266 269 267 289 265 265 265 265 265 265 265 265 265 265 265 265 265 265 265 265 265 265 265 265 265 265 265 265 265 265 265 265 265 265 265 265 265 
265 265 265 265 265 265 265 265 265 265 265 265 265 265 265 265 265 265 265 265 265 265 265 265 265 265 265 268 268 266 266 277 266 266 269 291 268 291 292 266 269 269 269 269 269 266 266 266 266 266 269 269 269 269 266 266 266 266 269 266 266 266 269 266 269 267 289 265 265 265 265 265 265 265 265 265 265 265 265 265 265 265 265 265 265 265 265 265 265 265 265 265 265 265 265 265 265 265 265 265 
265 265 265 265 265 265 265 265 265 265 265 265 265 265 265 265 265 265 265 265 265 265 265 265 265 265 265 268 268 266 269 266 266 266 266 291 268 291 292 266 269 266 266 266 269 269 269 269 269 266 266 266 266 269 269 269 269 269 269 266 283 266 266 266 269 267 289 265 265 265 265 265 265 265 265 265 265 265 265 265 265 265 265 265 265 265 265 265 265 265 265 265 265 265 265 265 265 265 265 265 
265 265 265 265 265 265 265 265 265 265 265 265 265 265 265 265 265 265 265 265 265 265 265 265 265 265 265 268 268 294 294 294 294 294 294 295 268 291 292 325 269 269 269 266 269 266 266 266 269 269 269 269 266 266 266 266 266 266 269 266 266 266 269 266 269 267 289 265 265 265 265 265 265 265 265 265 265 265 265 265 265 265 265 265 265 265 265 265 265 265 265 265 265 265 265 265 265 265 265 265 
265 265 265 265 265 265 265 265 265 265 265 265 265 265 265 265 265 265 265 265 265 265 265 265 265 265 265 268 268 272 272 272 298 298 297 297 299 291 268 266 269 266 269 266 266 266 269 266 266 266 266 269 269 269 266 269 269 266 269 269 266 269 269 266 269 267 289 265 265 265 265 265 265 265 265 265 265 265 265 265 265 265 265 265 265 265 265 265 265 265 265 265 265 265 265 265 265 265 265 265 
265 265 265 265 265 265 265 265 265 265 265 265 265 265 265 265 265 265 265 265 265 265 265 265 265 265 265 268 268 294 6 294 294 294 294 294 294 295 268 266 269 266 269 266 269 269 269 266 266 269 266 266 269 266 276 266 269 266 266 266 266 266 269 266 269 267 289 265 265 265 265 265 265 265 265 265 265 265 265 265 265 265 265 265 265 265 265 265 265 265 265 265 265 265 265 265 265 265 265 265 
265 265 265 265 265 265 265 265 265 265 265 265 265 265 265 265 265 265 265 265 265 265 265 265 265 265 265 268 268 272 272 272 272 272 298 298 272 272 299 266 269 266 269 266 266 266 269 269 266 269 269 266 269 266 277 266 269 269 269 269 269 269 269 266 269 267 289 265 265 265 265 265 265 265 265 265 265 265 265 265 265 265 265 265 265 265 265 265 265 265 265 265 265 265 265 265 265 265 265 265 
265 265 265 265 265 265 265 265 265 265 265 265 265 265 265 265 265 265 265 265 265 265 265 265 265 265 265 268 268 266 266 266 269 269 266 266 269 266 266 266 269 269 269 266 269 266 266 269 266 266 269 266 269 266 266 266 269 266 266 266 266 266 266 266 269 267 289 265 265 265 265 265 265 265 265 265 265 265 265 265 265 265 265 265 265 265 265 265 265 265 265 265 265 265 265 265 265 265 265 265 
265 265 265 265 265 265 265 265 265 265 265 265 265 265 265 265 265 265 265 265 265 265 265 265 265 265 265 268 268 266 269 266 269 266 266 266 269 266 269 266 269 266 266 266 269 269 266 269 269 266 269 266 269 269 266 269 269 266 269 266 269 269 269 269 269 267 289 265 265 265 265 265 265 265 265 265 265 265 265 265 265 265 265 265 265 265 265 265 265 265 265 265 265 265 265 265 265 265 265 265 
265 265 265 265 265 265 265 265 265 265 265 265 265 265 265 265 265 265 265 265 265 265 265 265 265 265 265 268 268 266 269 266 269 266 269 269 269 266 269 269 269 269 269 266 269 266 266 266 269 269 269 266 266 269 266 269 266 266 269 266 266 266 266 266 266 267 289 265 265 265 265 265 265 265 265 265 265 265 265 265 265 265 265 265 265 265 265 265 265 265 265 265 265 265 265 265 265 265 265 265 
265 265 265 265 265 265 265 265 265 265 265 265 265 265 265 265 265 265 265 265 265 265 265 265 265 265 265 268 268 266 269 266 269 266 269 266 266 266 266 266 266 269 266 266 269 266 283 266 266 266 266 266 266 269 266 269 266 266 269 269 269 266 269 269 269 267 289 265 265 265 265 265 265 265 265 265 265 265 265 265 265 265 265 265 265 265 265 265 265 265 265 265 265 265 265 265 265 265 265 265 
265 265 265 265 265 265 265 265 265 265 265 265 265 265 265 265 265 265 265 265 265 265 265 265 265 265 265 268 268 266 269 266 269 266 269 269 269 269 269 269 266 269 266 266 269 266 266 266 269 266 269 269 269 269 266 269 266 284 285 286 286 4 286 286 287 267 289 265 265 265 265 265 265 265 265 265 265 265 265 265 265 265 265 265 265 265 265 265 265 265 265 265 265 265 265 265 265 265 265 265 
265 265 265 265 265 265 265 265 265 265 265 265 265 265 265 265 265 265 265 265 265 265 265 265 265 265 265 268 268 266 266 266 266 266 266 266 266 266 266 269 266 269 269 266 269 269 266 269 269 266 269 266 266 266 266 269 266 289 290 269 266 266 266 269 291 267 289 265 265 265 265 265 265 265 265 265 265 265 265 265 265 265 265 265 265 265 265 265 265 265 265 265 265 265 265 265 265 265 265 265 
265 265 265 265 265 265 265 265 265 265 265 265 265 265 265 265 265 265 265 265 265 265 265 265 265 265 265 268 268 269 269 269 269 269 269 269 269 269 266 269 266 269 266 266 266 269 266 269 266 266 269 269 269 269 269 269 266 289 290 266 266 266 266 266 291 267 289 265 265 265 265 265 265 265 265 265 265 265 265 265 265 265 265 265 265 265 265 265 265 265 265 265 265 265 265 265 265 265 265 265 
265 265 265 265 265 265 265 265 265 265 265 265 265 265 265 265 265 265 265 265 265 265 265 265 265 265 265 268 268 266 266 266 266 266 266 266 266 266 266 266 266 269 266 266 269 269 266 269 266 269 266 266 266 266 266 266 266 289 290 269 266 266 266 266 291 267 289 265 265 265 265 265 265 265 265 265 265 265 265 265 265 265 265 265 265 265 265 265 265 265 265 265 265 265 265 265 265 265 265 265 
265 265 265 265 265 265 265 265 265 265 265 265 265 265 265 265 265 265 265 265 265 265 265 265 265 265 265 268 268 266 269 269 269 269 269 269 269 269 269 269 266 269 269 269 269 269 266 269 266 269 269 269 269 269 269 269 266 289 284 285 286 286 4 286 287 267 289 265 265 265 265 265 265 265 265 265 265 265 265 265 265 265 265 265 265 265 265 265 265 265 265 265 265 265 265 265 265 265 265 265 
265 265 265 265 265 265 265 265 265 265 265 265 265 265 265 265 265 265 265 265 265 265 265 265 265 265 265 268 268 266 269 266 266 266 266 266 266 266 266 269 266 269 266 266 266 266 266 269 266 266 266 266 266 266 266 269 266 289 289 290 266 266 266 269 291 267 289 265 265 265 265 265 265 265 265 265 265 265 265 265 265 265 265 265 265 265 265 265 265 265 265 265 265 265 265 265 265 265 265 265 
265 265 265 265 265 265 265 265 265 265 265 265 265 265 265 265 265 265 265 265 265 265 265 265 265 265 265 268 268 266 269 266 269 269 269 269 269 269 266 269 266 269 269 269 269 269 266 269 266 269 269 269 269 269 269 269 266 289 289 290 269 266 266 266 291 267 289 265 265 265 265 265 265 265 265 265 265 265 265 265 265 265 265 265 265 265 265 265 265 265 265 265 265 265 265 265 265 265 265 265 
265 265 265 265 265 265 265 265 265 265 265 265 265 265 265 265 265 265 265 265 265 265 265 265 265 265 265 268 268 266 269 266 269 266 266 266 266 266 266 269 266 269 266 266 266 266 266 269 266 266 266 266 266 266 266 266 266 289 289 290 266 266 266 266 291 267 289 265 265 265 265 265 265 265 265 265 265 265 265 265 265 265 265 265 265 265 265 265 265 265 265 265 265 265 265 265 265 265 265 265 
265 265 265 265 265 265 265 265 265 265 265 265 265 265 265 265 265 265 265 265 265 265 265 265 265 265 265 268 268 266 269 266 269 266 269 269 269 269 266 269 266 269 266 284 285 286 286 286 286 286 286 286 286 286 286 286 286 286 286 286 286 286 286 4 286 287 289 265 265 265 265 265 265 265 265 265 265 265 265 265 265 265 265 265 265 265 265 265 265 265 265 265 265 265 265 265 265 265 265 265 
265 265 265 265 265 265 265 265 265 265 265 265 265 265 265 265 265 265 265 265 265 265 265 265 265 265 265 268 268 266 269 266 269 266 269 266 266 269 266 269 266 269 266 289 290 266 269 266 266 266 338 339 339 339 340 266 266 283 266 335 266 266 266 266 266 291 289 265 265 265 265 265 265 265 265 265 265 265 265 265 265 265 265 265 265 265 265 265 265 265 265 265 265 265 265 265 265 265 265 265 
265 265 265 265 265 265 265 265 265 265 265 265 265 265 265 265 265 265 265 265 265 265 265 265 265 265 265 268 268 266 269 269 269 266 269 266 266 269 266 269 269 269 269 289 290 266 266 266 266 269 341 300 300 300 348 340 269 266 266 334 266 266 266 266 269 291 289 265 265 265 265 265 265 265 265 265 265 265 265 265 265 265 265 265 265 265 265 265 265 265 265 265 265 265 265 265 265 265 265 265 
265 265 265 265 265 265 265 265 265 265 265 265 265 265 265 265 265 265 265 265 265 265 265 265 265 265 265 268 268 266 266 266 266 266 269 266 266 269 266 266 266 266 266 377 290 266 266 266 266 266 343 347 300 350 350 350 266 266 266 334 266 266 266 284 273 273 273 273 273 273 273 273 273 273 273 273 273 273 273 273 273 273 273 273 273 265 265 265 265 265 265 265 265 265 265 265 265 265 265 265 
265 265 265 265 265 265 265 265 265 265 265 265 265 265 265 265 265 265 265 265 265 265 265 265 265 265 265 268 268 6 269 269 269 269 269 266 266 269 266 269 269 269 269 289 290 266 266 266 266 266 266 350 350 350 300 348 339 340 266 336 266 266 266 267 265 265 265 265 265 265 265 265 265 265 265 265 265 265 265 265 265 265 265 265 265 265 265 265 265 265 265 265 265 265 265 265 265 265 265 265 
265 265 265 265 265 265 265 265 265 265 265 265 265 265 265 265 265 265 265 265 265 265 265 265 265 265 265 268 268 266 266 266 266 266 266 266 266 269 266 269 266 266 266 289 290 266 269 266 266 266 266 343 344 344 310 300 300 348 339 303 266 266 269 267 265 265 265 265 265 265 265 265 265 265 265 265 265 265 265 265 265 265 265 265 265 265 265 265 265 265 265 265 265 265 265 265 265 265 265 265 
265 265 265 265 265 265 265 265 265 265 265 265 265 265 265 273 273 273 273 273 273 273 273 273 273 273 273 273 273 273 273 273 273 273 273 273 273 280 281 282 273 273 273 273 273 273 273 273 273 273 273 273 273 288 341 300 300 300 300 348 339 339 340 267 265 265 265 265 265 265 265 265 265 265 265 265 265 265 265 265 265 265 265 265 265 265 265 265 265 265 265 265 265 265 265 265 265 265 265 265 
265 265 265 265 265 265 265 265 265 265 265 265 265 265 265 265 265 265 265 265 265 265 265 265 265 265 265 265 265 265 265 265 265 265 265 265 265 265 265 265 265 265 265 265 265 265 265 265 265 265 265 265 265 292 343 344 344 344 344 344 344 344 345 267 265 265 265 265 265 265 265 265 265 265 265 265 265 265 265 265 265 265 265 265 265 265 265 265 265 265 265 265 265 265 265 265 265 265 265 265 
265 265 265 265 265 265 265 265 265 265 265 265 265 265 265 273 273 273 273 273 273 273 273 273 273 273 273 273 273 273 273 273 273 273 273 273 273 273 273 273 273 273 273 273 273 273 273 273 273 273 273 273 273 273 273 273 273 273 273 273 273 273 273 273 273 273 273 273 273 273 273 273 273 273 273 273 273 273 273 273 273 273 273 273 273 265 265 265 265 265 265 265 265 265 265 265 265 265 265 265 
265 265 265 265 265 265 265 265 265 265 265 265 265 265 265 265 265 265 265 265 265 265 265 265 265 265 265 265 265 265 265 265 265 265 265 265 265 265 265 265 265 265 265 265 265 265 265 265 265 265 265 265 265 265 265 265 265 265 265 265 265 265 265 265 265 265 265 265 265 265 265 265 265 265 265 265 265 265 265 265 265 265 265 265 265 265 265 265 265 265 265 265 265 265 265 265 265 265 265 265 
265 265 265 265 265 265 265 265 265 265 265 265 265 265 265 265 265 265 265 265 265 265 265 265 265 265 265 265 265 265 265 265 265 265 265 265 265 265 265 265 265 265 265 265 265 265 265 265 265 265 265 265 265 265 265 265 265 265 265 265 265 265 265 265 265 265 265 265 265 265 265 265 265 265 265 265 265 265 265 265 265 265 265 265 265 265 265 265 265 265 265 265 265 265 265 265 265 265 265 265 
265 265 265 265 265 265 265 265 265 265 265 265 265 265 265 265 265 265 265 265 265 265 265 265 265 265 265 265 265 265 265 265 265 265 265 265 265 265 265 265 265 265 265 265 265 265 265 265 265 265 265 265 265 265 265 265 265 265 265 265 265 265 265 265 265 265 265 265 265 265 265 265 265 265 265 265 265 265 265 265 265 265 265 265 265 265 265 265 265 265 265 265 265 265 265 265 265 265 265 265 
265 265 265 265 265 265 265 265 265 265 265 265 265 265 265 265 265 265 265 265 265 265 265 265 265 265 265 265 265 265 265 265 265 265 265 265 265 265 265 265 265 265 265 265 265 265 265 265 265 265 265 265 265 265 265 265 265 265 265 265 265 265 265 265 265 265 265 265 265 265 265 265 265 265 265 265 265 265 265 265 265 265 265 265 265 265 265 265 265 265 265 265 265 265 265 265 265 265 265 265 
265 265 265 265 265 265 265 265 265 265 265 265 265 265 265 265 265 265 265 265 265 265 265 265 265 265 265 265 265 265 265 265 265 265 265 265 265 265 265 265 265 265 265 265 265 265 265 265 265 265 265 265 265 265 265 265 265 265 265 265 265 265 265 265 265 265 265 265 265 265 265 265 265 265 265 265 265 265 265 265 265 265 265 265 265 265 265 265 265 265 265 265 265 265 265 265 265 265 265 265 
265 265 265 265 265 265 265 265 265 265 265 265 265 265 265 265 265 265 265 265 265 265 265 265 265 265 265 265 265 265 265 265 265 265 265 265 265 265 265 265 265 265 265 265 265 265 265 265 265 265 265 265 265 265 265 265 265 265 265 265 265 265 265 265 265 265 265 265 265 265 265 265 265 265 265 265 265 265 265 265 265 265 265 265 265 265 265 265 265 265 265 265 265 265 265 265 265 265 265 265 
265 265 265 265 265 265 265 265 265 265 265 265 265 265 265 265 265 265 265 265 265 265 265 265 265 265 265 265 265 265 265 265 265 265 265 265 265 265 265 265 265 265 265 265 265 265 265 265 265 265 265 265 265 265 265 265 265 265 265 265 265 265 265 265 265 265 265 265 265 265 265 265 265 265 265 265 265 265 265 265 265 265 265 265 265 265 265 265 265 265 265 265 265 265 265 265 265 265 265 265 
265 265 265 265 265 265 265 265 265 265 265 265 265 265 265 265 265 265 265 265 265 265 265 265 265 265 265 265 265 265 265 265 265 265 265 265 265 265 265 265 265 265 265 265 265 265 265 265 265 265 265 265 265 265 265 265 265 265 265 265 265 265 265 265 265 265 265 265 265 265 265 265 265 265 265 265 265 265 265 265 265 265 265 265 265 265 265 265 265 265 265 265 265 265 265 265 265 265 265 265 
265 265 265 265 265 265 265 265 265 265 265 265 265 265 265 265 265 265 265 265 265 265 265 265 265 265 265 265 265 265 265 265 265 265 265 265 265 265 265 265 265 265 265 265 265 265 265 265 265 265 265 265 265 265 265 265 265 265 265 265 265 265 265 265 265 265 265 265 265 265 265 265 265 265 265 265 265 265 265 265 265 265 265 265 265 265 265 265 265 265 265 265 265 265 265 265 265 265 265 265 
265 265 265 265 265 265 265 265 265 265 265 265 265 265 265 265 265 265 265 265 265 265 265 265 265 265 265 265 265 265 265 265 265 265 265 265 265 265 265 265 265 265 265 265 265 265 265 265 265 265 265 265 265 265 265 265 265 265 265 265 265 265 265 265 265 265 265 265 265 265 265 265 265 265 265 265 265 265 265 265 265 265 265 265 265 265 265 265 265 265 265 265 265 265 265 265 265 265 265 265 
265 265 265 265 265 265 265 265 265 265 265 265 265 265 265 265 265 265 265 265 265 265 265 265 265 265 265 265 265 265 265 265 265 265 265 265 265 265 265 265 265 265 265 265 265 265 265 265 265 265 265 265 265 265 265 265 265 265 265 265 265 265 265 265 265 265 265 265 265 265 265 265 265 265 265 265 265 265 265 265 265 265 265 265 265 265 265 265 265 265 265 265 265 265 265 265 265 265 265 265 
265 265 265 265 265 265 265 265 265 265 265 265 265 265 265 265 265 265 265 265 265 265 265 265 265 265 265 265 265 265 265 265 265 265 265 265 265 265 265 265 265 265 265 265 265 265 265 265 265 265 265 265 265 265 265 265 265 265 265 265 265 265 265 265 265 265 265 265 265 265 265 265 265 265 265 265 265 265 265 265 265 265 265 265 265 265 265 265 265 265 265 265 265 265 265 265 265 265 265 265 
265 265 265 265 265 265 265 265 265 265 265 265 265 265 265 265 265 265 265 265 265 265 265 265 265 265 265 265 265 265 265 265 265 265 265 265 265 265 265 265 265 265 265 265 265 265 265 265 265 265 265 265 265 265 265 265 265 265 265 265 265 265 265 265 265 265 265 265 265 265 265 265 265 265 265 265 265 265 265 265 265 265 265 265 265 265 265 265 265 265 265 265 265 265 265 265 265 265 265 265 
265 265 265 265 265 265 265 265 265 265 265 265 265 265 265 265 265 265 265 265 265 265 265 265 265 265 265 265 265 265 265 265 265 265 265 265 265 265 265 265 265 265 265 265 265 265 265 265 265 265 265 265 265 265 265 265 265 265 265 265 265 265 265 265 265 265 265 265 265 265 265 265 265 265 265 265 265 265 265 265 265 265 265 265 265 265 265 265 265 265 265 265 265 265 265 265 265 265 265 265 
265 265 265 265 265 265 265 265 265 265 265 265 265 265 265 265 265 265 265 265 265 265 265 265 265 265 265 265 265 265 265 265 265 265 265 265 265 265 265 265 265 265 265 265 265 265 265 265 265 265 265 265 265 265 265 265 265 265 265 265 265 265 265 265 265 265 265 265 265 265 265 265 265 265 265 265 265 265 265 265 265 265 265 265 265 265 265 265 265 265 265 265 265 265 265 265 265 265 265 265 
265 265 265 265 265 265 265 265 265 265 265 265 265 265 265 265 265 265 265 265 265 265 265 265 265 265 265 265 265 265 265 265 265 265 265 265 265 265 265 265 265 265 265 265 265 265 265 265 265 265 265 265 265 265 265 265 265 265 265 265 265 265 265 265 265 265 265 265 265 265 265 265 265 265 265 265 265 265 265 265 265 265 265 265 265 265 265 265 265 265 265 265 265 265 265 265 265 265 265 265 
265 265 265 265 265 265 265 265 265 265 265 265 265 265 265 265 265 265 265 265 265 265 265 265 265 265 265 265 265 265 265 265 265 265 265 265 265 265 265 265 265 265 265 265 265 265 265 265 265 265 265 265 265 265 265 265 265 265 265 265 265 265 265 265 265 265 265 265 265 265 265 265 265 265 265 265 265 265 265 265 265 265 265 265 265 265 265 265 265 265 265 265 265 265 265 265 265 265 265 265 
265 265 265 265 265 265 265 265 265 265 265 265 265 265 265 265 265 265 265 265 265 265 265 265 265 265 265 265 265 265 265 265 265 265 265 265 265 265 265 265 265 265 265 265 265 265 265 265 265 265 265 265 265 265 265 265 265 265 265 265 265 265 265 265 265 265 265 265 265 265 265 265 265 265 265 265 265 265 265 265 265 265 265 265 265 265 265 265 265 265 265 265 265 265 265 265 265 265 265 265 
265 265 265 265 265 265 265 265 265 265 265 265 265 265 265 265 265 265 265 265 265 265 265 265 265 265 265 265 265 265 265 265 265 265 265 265 265 265 265 265 265 265 265 265 265 265 265 265 265 265 265 265 265 265 265 265 265 265 265 265 265 265 265 265 265 265 265 265 265 265 265 265 265 265 265 265 265 265 265 265 265 265 265 265 265 265 265 265 265 265 265 265 265 265 265 265 265 265 265 265 
265 265 265 265 265 265 265 265 265 265 265 265 265 265 265 265 265 265 265 265 265 265 265 265 265 265 265 265 265 265 265 265 265 265 265 265 265 265 265 265 265 265 265 265 265 265 265 265 265 265 265 265 265 265 265 265 265 265 265 265 265 265 265 265 265 265 265 265 265 265 265 265 265 265 265 265 265 265 265 265 265 265 265 265 265 265 265 265 265 265 265 265 265 265 265 265 265 265 265 265 
265 265 265 265 265 265 265 265 265 265 265 265 265 265 265 265 265 265 265 265 265 265 265 265 265 265 265 265 265 265 265 265 265 265 265 265 265 265 265 265 265 265 265 265 265 265 265 265 265 265 265 265 265 265 265 265 265 265 265 265 265 265 265 265 265 265 265 265 265 265 265 265 265 265 265 265 265 265 265 265 265 265 265 265 265 265 265 265 265 265 265 265 265 265 265 265 265 265 265 265 
265 265 265 265 265 265 265 265 265 265 265 265 265 265 265 265 265 265 265 265 265 265 265 265 265 265 265 265 265 265 265 265 265 265 265 265 265 265 265 265 265 265 265 265 265 265 265 265 265 265 265 265 265 265 265 265 265 265 265 265 265 265 265 265 265 265 265 265 265 265 265 265 265 265 265 265 265 265 265 265 265 265 265 265 265 265 265 265 265 265 265 265 265 265 265 265 265 265 265 265 
