265 265 265 265 265 265 265 265 265 265 265 265 265 265 265 265 265 265 265 265 265 265 265 265 265 265 265 265 265 265 265 265 265 265 265 265 265 265 265 265 265 265 265 265 265 265 265 265 265 265 265 265 265 265 265 265 265 265 265 265 265 265 265 265 265 265 265 265 265 265 265 265 265 265 265 265 265 265 265 265 265 265 265 265 265 265 265 265 265 265 265 265 265 265 265 265 265 265 265 265 
265 265 265 265 265 265 265 265 265 265 265 265 265 265 265 265 265 265 265 265 265 265 265 265 265 265 265 265 265 265 265 265 265 265 265 265 265 265 265 265 265 265 265 265 265 265 265 265 265 265 265 265 265 265 265 265 265 265 265 265 265 265 265 265 265 265 265 265 265 265 265 265 265 265 265 265 265 265 265 265 265 265 265 265 265 265 265 265 265 265 265 265 265 265 265 265 265 265 265 265 
265 265 265 265 265 265 265 265 265 265 265 265 265 265 265 265 265 265 265 265 265 265 265 265 265 265 265 265 265 265 265 265 265 265 265 265 265 265 265 265 265 265 265 265 265 265 265 265 265 265 265 265 265 265 265 265 265 265 265 265 265 265 265 265 265 265 265 265 265 265 265 265 265 265 265 265 265 265 265 265 265 265 265 265 265 265 265 265 265 265 265 265 265 265 265 265 265 265 265 265 
265 265 265 265 265 265 265 265 265 265 265 265 265 265 265 265 265 265 265 265 265 265 265 265 265 265 265 265 265 265 265 265 265 265 265 265 265 265 265 265 265 265 265 265 265 265 265 265 265 265 265 265 265 265 265 265 265 265 265 265 265 265 265 265 265 265 265 265 265 265 265 265 265 265 265 265 265 265 265 265 265 265 265 265 265 265 265 265 265 265 265 265 265 265 265 265 265 265 265 265 
265 265 265 265 265 265 265 265 265 265 265 265 265 265 265 265 265 265 265 265 265 265 265 265 265 265 265 265 265 265 265 265 265 265 265 265 265 265 265 265 265 265 265 265 265 265 265 265 265 265 265 265 265 265 265 265 265 265 265 265 265 265 265 265 265 265 265 265 265 265 265 265 265 265 265 265 265 265 265 265 265 265 265 265 265 265 265 265 265 265 265 265 265 265 265 265 265 265 265 265 
265 265 265 265 265 265 265 265 265 265 265 265 265 265 265 265 265 265 265 265 265 265 265 265 265 265 265 265 265 265 265 265 265 265 265 265 265 265 265 265 265 265 265 265 265 265 265 265 265 265 265 265 265 265 265 265 265 265 265 265 265 265 265 265 265 265 265 265 265 265 265 265 265 265 265 265 265 265 265 265 265 265 265 265 265 265 265 265 265 265 265 265 265 265 265 265 265 265 265 265 
265 265 265 265 265 265 265 265 265 265 265 265 265 265 265 265 265 265 265 265 265 265 265 265 265 265 265 265 265 265 265 265 265 265 265 265 265 265 265 265 265 265 265 265 265 265 265 265 265 265 265 265 265 265 265 265 265 265 265 265 265 265 265 265 265 265 265 265 265 265 265 265 265 265 265 265 265 265 265 265 265 265 265 265 265 265 265 265 265 265 265 265 265 265 265 265 265 265 265 265 
265 265 265 265 265 265 265 265 265 265 265 265 265 265 265 265 265 265 265 265 265 265 265 265 265 265 265 265 265 265 265 265 265 265 265 265 265 265 265 265 265 265 265 265 265 265 265 265 265 265 265 265 265 265 265 265 265 265 265 265 265 265 265 265 265 265 265 265 265 265 265 265 265 265 265 265 265 265 265 265 265 265 265 265 265 265 265 265 265 265 265 265 265 265 265 265 265 265 265 265 
265 265 265 265 265 265 265 265 265 265 265 265 265 265 265 265 265 265 265 265 265 265 265 265 265 265 265 265 265 265 265 265 265 265 265 265 265 265 265 265 265 265 265 265 265 265 265 265 265 265 265 265 265 265 265 265 265 265 265 265 265 265 265 265 265 265 265 265 265 265 265 265 265 265 265 265 265 265 265 265 265 265 265 265 265 265 265 265 265 265 265 265 265 265 265 265 265 265 265 265 
265 265 265 265 265 265 265 265 265 265 265 265 265 265 265 265 265 265 265 265 265 265 265 265 265 265 265 265 265 265 265 265 265 265 265 265 265 265 265 265 265 265 265 265 265 265 265 265 265 265 265 265 265 265 265 265 265 265 265 265 265 265 265 265 265 265 265 265 265 265 265 265 265 265 265 265 265 265 265 265 265 265 265 265 265 265 265 265 265 265 265 265 265 265 265 265 265 265 265 265 
265 265 265 265 265 265 265 265 265 265 265 265 265 265 265 265 265 265 265 265 265 265 265 265 265 265 265 265 265 265 265 265 265 265 265 265 265 265 265 265 265 265 265 265 265 265 265 265 265 265 265 265 265 265 265 265 265 265 265 265 265 265 265 265 265 265 265 265 265 265 265 265 265 265 265 265 265 265 265 265 265 265 265 265 265 265 265 265 265 265 265 265 265 265 265 265 265 265 265 265 
265 265 265 265 265 265 265 265 265 265 265 265 265 265 265 265 265 265 265 265 265 265 265 265 265 265 265 265 265 265 265 265 265 265 265 265 265 265 265 265 265 265 265 265 265 265 265 265 265 265 265 265 265 265 265 265 265 265 265 265 265 265 265 265 265 265 265 265 265 265 265 265 265 265 265 265 265 265 265 265 265 265 265 265 265 265 265 265 265 265 265 265 265 265 265 265 265 265 265 265 
265 265 265 265 265 265 265 265 265 265 265 265 265 265 265 265 265 265 265 265 265 265 265 265 265 265 265 265 265 265 265 265 265 265 265 265 265 265 265 265 265 265 265 265 265 265 265 265 265 265 265 265 265 265 265 265 265 265 265 265 265 265 265 265 265 265 265 265 265 265 265 265 265 265 265 265 265 265 265 265 265 265 265 265 265 265 265 265 265 265 265 265 265 265 265 265 265 265 265 265 
265 265 265 265 265 265 265 265 265 265 265 265 265 265 265 265 265 265 265 265 265 265 265 265 265 265 265 265 265 265 265 265 265 265 265 265 265 265 265 265 265 265 265 265 265 265 265 265 265 265 265 265 265 265 265 265 265 265 265 265 265 265 265 265 265 265 265 265 265 265 265 265 265 265 265 265 265 265 265 265 265 265 265 265 265 265 265 265 265 265 265 265 265 265 265 265 265 265 265 265 
265 265 265 265 265 265 265 265 265 265 265 265 265 265 265 265 265 265 265 265 265 265 265 265 265 265 265 265 265 265 265 265 265 265 265 265 265 265 265 265 265 265 265 265 265 265 265 265 265 265 265 265 265 265 265 265 265 265 265 265 265 265 265 265 265 265 265 265 265 265 265 265 265 265 265 265 265 265 265 265 265 265 265 265 265 265 265 265 265 265 265 265 265 265 265 265 265 265 265 265 
265 265 265 265 265 265 265 265 265 265 265 265 265 265 265 265 265 265 265 265 265 265 265 265 265 265 265 265 265 265 265 265 265 265 265 265 265 265 265 265 265 265 265 265 265 265 265 265 265 265 265 265 265 265 265 265 265 265 265 265 265 265 265 265 265 265 265 265 265 265 265 265 265 265 265 265 265 265 265 265 265 265 265 265 265 265 265 265 265 265 265 265 265 265 265 265 265 265 265 265 
265 265 265 265 265 265 265 265 265 265 265 265 265 265 265 265 265 265 265 265 265 265 265 265 265 265 265 265 265 265 265 265 265 265 265 265 265 265 265 265 265 265 265 265 265 265 265 265 265 265 265 265 265 265 265 265 265 265 265 265 265 265 265 265 265 265 265 265 265 265 265 265 265 265 265 265 265 265 265 265 265 265 265 265 265 265 265 265 265 265 265 265 265 265 265 265 265 265 265 265 
265 265 265 265 265 265 265 265 265 265 265 265 265 265 265 265 265 265 265 265 265 265 265 265 265 265 265 265 265 265 265 265 265 265 265 265 265 265 265 265 265 265 265 265 265 265 265 265 265 265 265 265 265 265 265 265 265 265 265 265 265 265 265 265 265 265 265 265 265 265 265 265 265 265 265 265 265 265 265 265 265 265 265 265 265 265 265 265 265 265 265 265 265 265 265 265 265 265 265 265 
265 265 265 265 265 265 265 265 265 265 265 265 265 265 265 265 265 265 265 265 265 265 265 265 265 265 265 265 265 265 265 265 265 265 265 265 265 265 265 265 265 265 265 265 265 265 265 265 265 265 265 265 265 265 265 265 265 265 265 265 265 265 265 265 265 265 265 265 265 265 265 265 265 265 265 265 265 265 265 265 265 265 265 265 265 265 265 265 265 265 265 265 265 265 265 265 265 265 265 265 
265 265 265 265 265 265 265 265 265 265 265 265 265 265 265 265 265 265 265 265 265 265 265 265 265 265 265 265 265 265 265 265 265 265 265 265 265 265 265 265 265 265 265 265 265 265 265 265 265 265 265 265 265 265 265 265 265 265 265 265 265 265 265 265 265 265 265 265 265 265 265 265 265 265 265 265 265 265 265 265 265 265 265 265 265 265 265 265 265 265 265 265 265 265 265 265 265 265 265 265 
265 265 265 265 265 265 265 265 265 265 265 265 265 265 265 265 265 265 265 265 265 265 265 265 265 265 265 265 265 265 265 265 265 265 265 265 265 265 265 265 265 265 265 265 265 265 265 265 265 265 265 265 265 265 265 265 265 265 265 265 265 265 265 265 265 265 265 265 265 265 265 265 265 265 265 265 265 265 265 265 265 265 265 265 265 265 265 265 265 265 265 265 265 265 265 265 265 265 265 265 
265 265 265 265 265 265 265 265 265 265 265 265 265 265 265 265 265 265 265 265 265 265 265 265 265 265 265 265 265 265 265 265 265 265 265 265 265 265 265 265 265 265 265 265 265 265 265 265 265 265 265 265 265 265 265 265 265 265 265 265 265 265 265 265 265 265 265 265 265 265 265 265 265 265 265 265 265 265 265 265 265 265 265 265 265 265 265 265 265 265 265 265 265 265 265 265 265 265 265 265 
265 265 265 265 265 265 265 265 265 265 265 265 265 265 265 265 265 265 265 265 265 265 265 265 265 265 265 265 265 265 265 265 265 265 265 265 265 265 265 265 265 265 265 265 265 265 265 265 265 265 265 265 265 265 265 265 265 265 265 265 265 265 265 265 265 265 265 265 265 265 265 265 265 265 265 265 265 265 265 265 265 265 265 265 265 265 265 265 265 265 265 265 265 265 265 265 265 265 265 265 
265 265 265 265 265 265 265 265 265 265 265 265 265 265 265 265 265 265 265 265 265 265 265 265 265 265 265 265 265 265 265 265 265 265 265 265 265 265 265 265 265 265 265 265 265 265 265 265 265 265 265 265 265 265 265 265 265 265 265 265 265 265 265 265 265 265 265 265 265 265 265 265 265 265 265 265 265 265 265 265 265 265 265 265 265 265 265 265 265 265 265 265 265 265 265 265 265 265 265 265 
265 265 265 265 265 265 265 265 265 265 265 265 265 265 265 265 265 265 265 265 265 265 265 265 265 265 265 265 265 265 265 265 265 265 265 265 265 265 265 265 265 265 265 265 265 265 265 265 265 265 265 265 265 265 265 265 265 265 265 265 265 265 265 265 265 265 265 265 265 265 265 265 265 265 265 265 265 265 265 265 265 265 265 265 265 265 265 265 265 265 265 265 265 265 265 265 265 265 265 265 
265 265 265 265 265 265 265 265 265 265 265 265 265 265 265 265 265 265 265 265 265 265 265 265 265 265 265 265 265 265 265 265 265 265 265 265 265 265 265 265 265 265 265 265 265 265 265 265 265 265 265 265 265 265 265 265 265 265 265 265 265 265 265 265 265 265 265 265 265 265 265 265 265 265 265 265 265 265 265 265 265 265 265 265 265 265 265 265 265 265 265 265 265 265 265 265 265 265 265 265 
265 265 265 265 265 265 265 265 265 265 265 265 265 265 265 265 265 265 265 265 265 265 265 265 265 265 265 265 265 265 265 265 265 265 265 265 265 265 265 265 265 265 265 265 265 265 265 265 265 265 265 265 265 265 265 265 265 265 265 265 265 265 265 265 265 265 265 265 265 265 265 265 265 265 265 265 265 265 265 265 265 265 265 265 265 265 265 265 265 265 265 265 265 265 265 265 265 265 265 265 
265 265 265 265 265 265 265 265 265 265 265 265 265 265 265 265 265 265 265 265 265 265 265 265 265 265 265 265 265 265 265 265 265 265 265 265 265 265 265 265 265 265 265 265 265 265 265 265 265 265 265 265 265 265 265 265 265 265 265 265 265 265 265 265 265 265 265 265 265 265 265 265 265 265 265 265 265 265 265 265 265 265 265 265 265 265 265 265 265 265 265 265 265 265 265 265 265 265 265 265 
265 265 265 265 265 265 265 265 265 265 265 265 265 265 265 265 265 265 265 265 265 265 265 265 265 265 265 265 265 265 265 265 265 265 265 265 265 265 265 265 265 265 265 265 265 265 265 265 265 265 265 265 265 265 265 265 265 265 265 265 265 265 265 265 265 265 265 265 265 265 265 265 265 265 265 265 265 265 265 265 265 265 265 265 265 265 265 265 265 265 265 265 265 265 265 265 265 265 265 265 
265 265 265 265 265 265 265 265 265 265 265 265 265 265 265 265 265 265 265 265 265 265 265 265 265 265 265 265 265 265 265 265 265 265 265 265 265 265 265 265 265 265 265 265 265 265 265 265 265 265 265 265 265 265 265 265 265 265 265 265 265 265 265 265 265 265 265 265 265 265 265 265 265 265 265 265 265 265 265 265 265 265 265 265 265 265 265 265 265 265 265 265 265 265 265 265 265 265 265 265 
265 265 265 265 265 265 265 265 265 265 265 265 265 265 265 265 265 265 265 265 265 265 265 265 265 265 265 265 265 265 265 265 265 265 265 265 265 265 265 265 265 265 265 265 265 265 265 265 265 265 265 265 265 265 265 265 265 265 265 265 265 265 265 265 265 265 265 265 265 265 265 265 265 265 265 265 265 265 265 265 265 265 265 265 265 265 265 265 265 265 265 265 265 265 265 265 265 265 265 265 
265 265 265 265 265 265 265 265 265 265 265 265 265 265 265 265 265 265 265 265 265 265 265 265 265 265 265 265 265 265 265 265 265 265 265 265 265 265 265 265 265 265 265 265 265 265 265 265 265 265 265 265 265 265 265 265 265 265 265 265 265 265 265 265 265 265 265 265 265 265 265 265 265 265 265 265 265 265 265 265 265 265 265 265 265 265 265 265 265 265 265 265 265 265 265 265 265 265 265 265 
265 265 265 265 265 265 265 265 265 265 265 265 265 265 265 265 265 265 265 265 265 265 265 265 265 265 265 265 265 265 265 265 265 265 265 265 265 265 265 265 265 265 265 265 265 265 265 265 265 265 265 265 265 265 265 265 265 265 265 265 265 265 265 265 265 265 265 265 265 265 265 265 265 265 265 265 265 265 265 265 265 265 265 265 265 265 265 265 265 265 265 265 265 265 265 265 265 265 265 265 
265 265 265 265 265 265 265 265 265 265 265 265 265 265 265 265 265 265 265 265 265 265 265 265 265 265 265 265 265 265 265 265 265 265 265 265 265 265 265 265 265 265 265 265 265 265 265 265 265 265 265 265 265 265 265 265 265 265 265 265 265 265 265 265 265 265 265 265 265 265 265 265 265 265 265 265 265 265 265 265 265 265 265 265 265 265 265 265 265 265 265 265 265 265 265 265 265 265 265 265 
265 265 265 265 265 265 265 265 265 265 265 265 265 265 265 265 265 265 265 265 265 265 265 265 265 265 265 265 265 265 265 265 265 265 265 265 265 265 265 265 265 265 265 265 265 265 265 265 265 265 265 265 265 265 265 265 265 265 265 265 265 265 265 265 265 265 265 265 265 265 265 265 265 265 265 265 265 265 265 265 265 265 265 265 265 265 265 265 265 265 265 265 265 265 265 265 265 265 265 265 
265 265 265 265 265 265 265 265 265 265 265 265 265 265 265 265 265 265 265 265 265 265 265 265 265 265 265 265 265 265 265 265 265 265 265 265 265 265 265 265 265 265 265 265 265 265 265 265 265 265 265 265 265 265 265 265 265 265 265 265 265 265 265 265 265 265 265 265 265 265 265 265 265 265 265 265 265 265 265 265 265 265 265 265 265 265 265 265 265 265 265 265 265 265 265 265 265 265 265 265 
265 265 265 265 265 265 265 265 265 265 265 265 265 265 265 265 265 265 265 265 265 265 265 265 265 265 265 265 265 265 265 265 265 265 265 265 265 265 265 265 265 265 265 265 265 265 265 265 265 265 265 265 265 265 265 265 265 265 265 265 265 265 265 265 265 265 265 265 265 265 265 265 265 265 265 265 265 265 265 265 265 265 265 265 265 265 265 265 265 265 265 265 265 265 265 265 265 265 265 265 
265 265 265 265 265 265 265 265 265 265 265 265 265 265 265 265 265 265 265 265 265 265 265 265 265 265 265 265 265 265 265 265 265 265 265 265 265 265 265 265 265 265 265 265 265 265 265 265 265 265 265 265 265 265 265 265 265 265 265 265 265 265 265 265 265 265 265 265 265 265 265 265 265 265 265 265 265 265 265 265 265 265 265 265 265 265 265 265 265 265 265 265 265 265 265 265 265 265 265 265 
265 265 265 265 265 265 265 265 265 265 265 265 265 265 265 265 265 265 265 265 265 265 265 265 265 265 265 265 265 265 265 265 265 265 265 265 265 265 265 265 265 265 265 265 265 265 265 265 265 265 265 265 265 265 265 265 265 265 265 265 265 265 265 265 265 265 265 265 265 265 265 265 265 265 265 265 265 265 265 265 265 265 265 265 265 265 265 265 265 265 265 265 265 265 265 265 265 265 265 265 
265 265 265 265 265 265 265 265 265 265 265 265 265 265 265 265 265 265 265 265 265 265 265 265 265 265 265 265 265 265 265 265 265 265 265 265 265 265 265 265 265 265 265 265 265 265 265 265 265 265 265 265 265 265 265 265 265 265 265 265 265 265 265 265 265 265 265 265 265 265 265 265 265 265 265 265 265 265 265 265 265 265 265 265 265 265 265 265 265 265 265 265 265 265 265 265 265 265 265 265 
265 265 265 265 265 265 265 265 265 265 265 265 265 265 265 265 265 265 265 265 265 265 265 265 265 265 265 265 278 297 297 297 297 297 297 297 297 297 297 297 297 297 297 297 297 297 297 297 297 297 297 297 297 297 297 297 297 297 297 297 297 297 297 297 297 297 297 279 265 265 265 265 265 265 265 265 265 265 265 265 265 265 265 265 265 265 265 265 265 265 265 265 265 265 265 265 265 265 265 265 
265 265 265 265 265 265 265 265 265 265 265 265 265 265 265 265 265 265 265 265 265 265 265 265 265 265 265 265 268 341 0 0 0 0 0 0 0 0 0 0 0 0 0 0 0 0 0 0 0 0 0 0 0 0 0 0 0 0 0 0 305 266 269 266 266 266 266 289 265 265 265 265 265 265 265 265 265 265 265 265 265 265 265 265 265 265 265 265 265 265 265 265 265 265 265 265 265 265 265 265 
265 265 265 265 265 265 265 265 265 265 265 265 265 265 265 265 265 265 265 265 265 265 265 265 265 265 265 265 268 341 0 0 0 0 0 0 0 0 0 0 0 0 0 0 0 0 0 0 0 0 0 0 0 0 0 0 0 0 0 0 305 266 269 266 266 283 266 289 265 265 265 265 265 265 265 265 265 265 265 265 265 265 265 265 265 265 265 265 265 265 265 265 265 265 265 265 265 265 265 265 
265 265 265 265 265 265 265 265 265 265 265 265 265 265 265 265 265 265 265 265 265 265 265 265 265 265 265 265 268 341 0 0 0 0 0 0 0 0 0 0 0 0 0 0 0 0 0 0 0 0 0 346 344 344 344 347 0 0 0 0 305 266 269 266 266 266 266 289 265 265 265 265 265 265 265 265 265 265 265 265 265 265 265 265 265 265 265 265 265 265 265 265 265 265 265 265 265 265 265 265 
265 265 265 265 265 265 265 265 265 265 265 265 265 265 265 265 265 265 265 265 265 265 265 265 265 265 265 265 268 341 0 0 0 0 0 0 0 0 0 0 0 0 0 0 0 0 0 0 0 346 344 345 266 266 266 343 347 0 0 0 305 266 269 326 325 325 327 289 265 265 265 265 265 265 265 265 265 265 265 265 265 265 265 265 265 265 265 265 265 265 265 265 265 265 265 265 265 265 265 265 
265 265 265 265 265 265 265 265 265 265 265 265 265 265 265 265 265 265 265 265 265 265 265 265 265 265 265 265 268 341 0 0 0 0 0 0 0 0 0 0 0 0 0 0 0 0 0 0 346 345 266 266 266 266 266 266 343 344 347 0 305 266 266 266 266 266 266 289 265 265 265 265 265 265 265 265 265 265 265 265 265 265 265 265 265 265 265 265 265 265 265 265 265 265 265 265 265 265 265 265 
265 265 265 265 265 265 265 265 265 265 265 265 265 265 265 265 265 265 265 265 265 265 265 265 265 265 265 265 268 341 0 0 0 0 0 0 0 0 0 0 0 0 0 0 0 0 0 0 342 266 266 266 266 266 266 266 266 266 341 0 305 266 266 266 266 266 266 289 265 265 265 265 265 265 265 265 265 265 265 265 265 265 265 265 265 265 265 265 265 265 265 265 265 265 265 265 265 265 265 265 
265 265 265 265 265 265 265 265 265 265 265 265 265 265 265 265 265 265 265 265 265 265 265 265 265 265 265 265 268 341 0 0 0 0 0 0 0 0 0 0 0 0 0 0 0 0 0 346 345 266 266 266 266 266 266 266 266 266 350 350 350 266 266 266 266 266 266 289 265 265 265 265 265 265 265 265 265 265 265 265 265 265 265 265 265 265 265 265 265 265 265 265 265 265 265 265 265 265 265 265 
265 265 265 265 265 265 265 265 265 265 265 265 265 265 265 265 265 265 265 265 265 265 265 265 265 265 265 265 268 341 0 0 0 0 0 0 0 0 0 0 0 0 0 0 0 0 0 342 266 266 266 266 266 266 266 266 266 266 341 0 311 302 303 266 266 266 266 289 265 265 265 265 265 265 265 265 265 265 265 265 265 265 265 265 265 265 265 265 265 265 265 265 265 265 265 265 265 265 265 265 
265 265 265 265 265 265 265 265 265 265 265 265 265 265 265 265 265 265 265 265 265 265 265 265 265 265 265 265 268 341 0 0 0 0 0 0 0 0 0 0 0 0 0 0 0 0 0 348 303 266 266 266 266 266 266 266 266 338 349 0 0 0 311 302 303 266 266 289 265 265 265 265 265 265 265 265 265 265 265 265 265 265 265 265 265 265 265 265 265 265 265 265 265 265 265 265 265 265 265 265 
265 265 265 265 265 265 265 265 265 265 265 265 265 265 265 265 265 265 265 265 265 265 265 265 265 265 265 265 268 341 0 0 0 0 0 0 0 0 0 0 0 0 0 0 0 0 0 0 348 303 266 266 266 266 266 338 339 349 0 0 0 0 0 0 311 302 302 289 265 265 265 265 265 265 265 265 265 265 265 265 265 265 265 265 265 265 265 265 265 265 265 265 265 265 265 265 265 265 265 265 
265 265 265 265 265 265 265 265 265 265 265 265 265 265 265 265 265 265 265 265 265 265 265 265 265 265 265 265 268 341 0 0 0 0 0 0 0 0 0 0 0 0 0 0 0 0 0 0 0 342 266 266 266 338 339 349 0 0 0 0 0 0 0 0 0 0 0 289 265 265 265 265 265 265 265 265 265 265 265 265 265 265 265 265 265 265 265 265 265 265 265 265 265 265 265 265 265 265 265 265 
265 265 265 265 265 265 265 265 265 265 265 265 265 265 265 265 265 265 265 265 265 265 265 265 265 265 265 265 268 341 0 0 0 0 0 0 0 0 0 0 0 0 0 0 0 0 0 0 0 348 350 339 339 349 0 0 0 0 0 0 0 0 0 0 0 0 0 289 265 265 265 265 265 265 265 265 265 265 265 265 265 265 265 265 265 265 265 265 265 265 265 265 265 265 265 265 265 265 265 265 
265 265 265 265 265 265 265 265 265 265 265 265 265 265 265 265 265 265 265 265 265 265 265 265 265 265 265 265 268 341 0 0 0 0 0 0 0 0 0 0 0 0 0 0 0 0 0 309 307 307 350 307 310 0 0 0 0 0 0 0 0 0 0 0 0 0 0 289 265 265 265 265 265 265 265 265 265 265 265 265 265 265 265 265 265 265 265 265 265 265 265 265 265 265 265 265 265 265 265 265 
265 265 265 265 265 265 265 265 265 265 265 265 265 265 265 265 265 265 265 265 265 265 265 265 265 265 265 265 268 341 0 0 0 0 0 0 0 0 0 0 0 0 0 0 309 307 307 308 266 266 266 266 306 307 310 0 0 0 0 0 0 0 0 0 0 0 0 296 297 297 297 297 297 297 297 297 297 297 297 297 297 297 297 297 297 297 297 297 297 297 297 297 279 265 265 265 265 265 265 265 
265 265 265 265 265 265 278 297 297 297 297 297 297 297 297 297 297 297 297 297 297 297 297 297 297 297 297 297 299 341 0 0 0 0 0 0 0 0 0 300 0 0 346 307 308 266 266 266 266 269 266 266 266 266 306 307 310 0 350 0 0 0 0 0 0 0 0 0 0 0 0 0 0 0 0 0 0 0 0 0 0 0 0 0 0 0 0 0 309 308 266 266 289 279 265 265 265 265 265 265 
265 265 265 265 265 265 268 266 266 343 344 344 347 348 339 339 339 339 339 339 339 339 339 339 339 339 339 339 339 349 300 300 300 300 300 300 300 346 344 344 307 307 345 266 266 266 266 266 266 266 266 269 266 266 266 266 350 350 350 350 0 0 0 0 0 0 0 0 0 0 0 0 0 0 0 0 0 0 0 0 0 0 0 0 0 0 0 309 308 266 266 269 289 289 279 265 265 265 265 265 
265 265 265 265 265 265 268 269 266 266 266 266 343 344 344 344 347 300 300 300 300 300 300 300 300 300 300 300 300 300 300 300 300 300 346 344 344 345 266 266 266 266 266 266 266 266 266 269 266 266 266 266 266 266 269 266 306 310 350 0 0 0 0 0 0 0 0 0 0 0 0 0 0 0 0 0 0 0 0 0 0 0 0 0 0 0 309 308 266 266 266 266 289 289 289 265 265 265 265 265 
265 265 265 265 265 265 268 266 266 266 266 266 266 266 266 266 343 344 344 347 300 300 300 300 300 300 300 300 300 300 346 344 344 344 345 266 266 266 266 266 266 266 269 266 266 266 266 266 266 266 266 266 266 266 266 266 266 304 0 0 346 344 344 347 0 0 0 0 0 0 0 0 0 0 0 0 0 0 0 0 0 0 0 0 0 0 305 266 266 266 266 266 289 289 289 265 265 265 265 265 
265 265 265 265 265 265 268 266 266 266 338 340 266 266 266 266 266 266 266 343 344 344 344 344 344 344 344 344 344 344 345 266 266 266 266 269 266 266 266 266 266 266 266 266 266 266 266 266 338 339 340 266 266 266 266 266 266 304 0 346 345 266 266 343 344 347 0 0 0 0 0 0 0 346 344 344 344 347 0 0 0 0 0 0 0 309 308 266 266 266 266 269 289 289 289 265 265 265 265 265 
265 265 265 265 265 265 268 266 266 338 349 348 339 340 266 266 266 269 266 266 266 266 266 266 266 266 266 266 266 266 266 266 266 266 266 266 266 266 266 269 266 266 266 266 266 266 338 339 349 300 348 340 266 266 266 266 266 350 350 350 266 266 266 266 266 341 0 0 0 0 346 307 307 345 266 266 266 343 344 347 0 0 0 0 346 345 266 266 269 266 266 266 289 289 289 265 265 265 265 265 
265 265 265 265 265 265 268 266 266 341 300 300 300 348 339 340 266 266 266 266 266 266 266 266 266 266 266 266 284 285 286 287 288 266 266 266 266 266 266 266 266 266 266 266 266 338 349 300 300 300 300 348 340 266 266 269 266 304 0 342 266 266 266 266 266 341 0 0 0 346 345 266 266 266 266 266 266 266 266 343 347 0 0 346 345 266 266 266 266 266 266 266 289 289 289 265 265 265 265 265 
265 265 265 265 265 265 268 266 266 341 300 300 300 300 346 345 266 266 266 266 266 266 266 266 266 266 266 266 289 290 266 291 292 266 266 266 269 266 266 266 266 266 266 266 338 349 300 300 300 300 300 300 342 266 266 266 266 304 0 348 340 266 266 266 266 350 350 350 350 350 266 266 266 266 266 266 266 266 266 266 343 347 0 342 266 266 266 266 266 266 266 269 289 289 289 265 265 265 265 265 
265 265 265 265 265 265 268 266 266 343 347 300 300 300 342 266 266 266 266 266 269 266 266 266 266 266 266 266 289 290 266 291 292 266 266 266 266 266 266 266 266 266 266 266 343 347 300 300 300 300 346 344 345 266 266 266 301 312 0 0 348 340 266 266 338 349 0 0 0 342 266 266 266 266 266 266 266 266 266 266 266 350 350 350 266 266 266 266 266 266 266 266 289 289 289 265 265 265 265 265 
265 265 265 265 265 265 268 266 266 266 343 347 346 344 345 266 266 266 266 266 266 266 266 266 266 266 266 266 289 290 266 291 292 266 266 266 266 266 266 266 266 269 266 266 266 343 347 300 300 346 345 266 266 269 266 266 304 0 0 0 0 348 302 302 349 0 0 0 0 342 266 266 266 266 266 266 266 266 266 266 266 341 0 348 340 266 266 266 266 266 266 266 289 289 289 265 265 265 265 265 
265 265 265 265 265 265 268 269 266 266 266 343 345 266 266 266 269 266 266 266 266 266 266 266 266 269 266 266 289 293 294 295 292 266 266 266 266 266 266 266 266 266 266 266 266 266 343 344 344 345 266 266 266 266 266 266 304 0 0 0 0 0 0 0 0 0 0 0 0 348 340 266 266 266 266 266 266 266 266 266 338 349 0 0 348 339 303 266 266 266 266 266 289 289 289 265 265 265 265 265 
265 265 265 265 265 265 268 266 266 266 266 266 266 266 266 266 266 266 266 266 266 266 266 266 266 266 266 266 296 298 297 297 299 266 266 266 266 266 266 266 266 266 266 266 266 266 266 266 266 266 266 266 266 266 266 301 312 0 0 0 0 0 0 0 0 0 0 0 0 0 348 340 266 266 266 266 266 266 266 338 349 0 0 0 0 0 305 266 269 266 266 266 289 289 289 265 265 265 265 265 
265 265 265 265 265 265 268 266 269 266 266 266 266 266 266 266 266 266 338 340 266 266 266 266 266 266 266 266 266 266 266 266 266 266 266 266 266 266 266 266 266 266 266 269 266 266 269 266 266 266 266 269 266 266 266 304 0 0 0 0 0 0 0 0 0 0 0 0 0 0 0 348 340 266 266 266 266 338 339 349 0 0 0 0 0 0 305 266 266 266 266 266 289 289 289 265 265 265 265 265 
265 265 265 265 265 265 268 266 266 266 266 266 266 266 266 266 266 266 304 348 339 339 340 266 266 266 266 266 266 266 266 266 266 269 266 266 338 340 266 266 266 266 266 266 266 269 266 266 269 266 266 266 266 266 266 304 0 0 0 0 0 0 0 0 0 0 0 0 0 0 0 0 348 339 339 339 350 349 0 0 0 0 0 0 0 0 305 266 266 266 266 266 289 289 289 265 265 265 265 265 
265 265 265 265 265 265 268 266 266 266 266 266 266 266 269 266 266 266 304 300 300 300 348 339 340 266 266 269 266 266 266 266 269 266 266 338 349 348 340 266 266 266 266 266 266 269 269 266 266 266 266 266 266 266 301 312 0 0 0 0 0 0 0 0 0 0 0 0 0 0 0 0 0 0 0 0 350 0 0 0 0 0 0 0 0 0 311 303 274 280 281 282 289 289 289 265 265 265 265 265 
265 265 265 265 265 265 268 266 266 266 266 266 266 266 266 266 266 338 349 300 300 300 300 300 342 266 266 266 266 266 266 266 266 266 266 341 300 300 348 340 266 266 266 266 266 266 266 266 266 266 266 266 266 301 312 0 0 0 0 346 344 344 344 344 344 347 0 0 0 0 0 0 0 0 346 344 350 347 0 0 0 0 0 0 0 0 0 305 289 265 265 265 289 289 289 265 265 265 265 265 
265 265 265 265 265 265 268 266 266 266 266 266 266 266 266 266 266 304 300 300 300 300 300 300 342 266 269 266 266 269 266 266 269 266 266 343 347 300 346 345 266 266 266 269 266 266 266 269 266 266 266 301 302 312 0 0 0 346 344 345 266 266 266 266 266 343 347 0 0 0 0 0 0 346 345 266 266 343 347 0 0 0 0 0 0 0 0 305 289 265 265 265 289 289 289 265 265 265 265 265 
265 265 265 265 265 265 268 266 266 266 266 266 266 266 266 266 266 343 347 300 300 300 300 346 345 266 266 266 266 266 266 266 266 266 266 266 343 344 345 266 266 266 266 266 266 266 266 266 266 301 302 312 0 0 0 0 346 345 266 266 266 266 266 266 266 266 343 347 0 0 0 0 346 345 266 266 266 266 343 347 0 0 0 0 0 0 0 305 296 297 297 297 289 289 289 265 265 265 265 265 
273 273 273 273 273 273 273 273 273 273 280 281 282 273 273 273 275 266 343 347 300 300 346 345 266 266 266 266 266 266 266 266 266 266 266 266 266 266 266 266 266 269 266 266 266 266 266 301 302 312 0 0 0 0 0 346 345 266 266 266 266 266 266 266 266 266 266 343 347 0 0 346 345 266 266 266 266 266 266 341 0 0 0 0 0 0 0 311 302 302 302 302 289 289 289 265 265 265 265 265 
265 265 265 265 265 265 265 265 265 265 265 265 265 265 265 265 268 266 266 343 344 344 345 266 266 266 266 266 266 269 266 266 266 266 266 266 266 266 269 266 266 266 266 266 266 301 302 312 0 0 0 0 0 0 0 342 266 266 266 266 266 266 266 266 266 266 266 266 341 300 300 342 266 266 266 266 266 266 266 341 0 0 0 0 0 0 0 0 0 0 0 0 289 289 289 265 265 265 265 265 
265 265 265 265 265 265 265 265 265 265 265 265 265 265 265 265 268 266 266 266 266 266 266 266 266 266 266 266 266 266 266 266 266 269 266 266 266 266 266 266 266 266 266 301 302 312 0 0 0 0 0 0 0 0 0 342 266 266 266 266 266 266 266 266 266 266 266 266 350 350 350 350 266 266 266 266 266 266 266 341 0 0 0 0 0 0 0 0 0 0 0 0 289 289 289 265 265 265 265 265 
265 265 265 265 265 265 265 265 265 265 265 265 265 265 265 265 268 266 266 266 266 266 266 266 266 266 269 266 266 266 266 266 266 266 266 266 266 269 266 266 266 301 302 312 0 0 0 0 0 0 0 0 0 0 346 345 266 266 266 266 266 266 266 266 266 266 266 338 0 0 0 348 340 266 266 266 266 266 338 349 0 0 0 0 0 0 0 0 0 0 0 0 289 289 289 265 265 265 265 265 
265 265 265 265 265 265 265 265 265 265 265 265 265 265 265 265 268 266 269 266 266 266 266 266 266 266 266 266 266 266 266 266 266 266 266 266 266 266 301 302 302 312 0 0 0 0 0 0 0 0 0 0 0 0 342 266 266 266 266 266 266 266 266 266 266 266 266 341 0 0 0 0 348 340 266 266 266 338 349 0 0 0 0 0 0 0 0 0 0 0 0 0 289 289 289 265 265 265 265 265 
265 265 265 265 265 265 265 265 265 265 265 265 265 265 265 265 268 266 266 266 266 266 266 266 266 266 266 266 269 266 266 266 266 269 266 266 266 301 312 0 0 0 0 0 0 0 0 0 0 0 0 0 0 0 342 266 266 266 266 266 266 266 266 266 266 266 338 349 0 0 0 0 0 348 339 339 339 349 0 0 0 0 0 0 0 0 0 0 0 0 0 0 289 289 289 265 265 265 265 265 
265 265 265 265 265 265 265 265 265 265 265 265 265 265 265 265 268 266 266 266 266 266 266 269 266 266 266 266 266 266 266 266 266 266 266 266 266 304 0 0 0 0 0 0 0 0 0 0 0 0 0 0 0 0 348 340 266 266 266 266 266 266 266 266 266 266 341 0 0 0 0 0 0 0 0 0 0 0 0 0 0 0 0 0 0 0 0 0 0 0 0 0 289 289 289 265 265 265 265 265 
265 265 265 265 265 265 265 265 265 265 265 265 265 265 265 265 268 266 266 266 266 266 266 266 266 266 266 266 266 266 266 266 266 266 266 266 301 312 0 0 0 0 0 0 0 0 0 0 0 0 0 0 0 0 0 348 339 339 339 340 266 266 266 266 338 339 349 0 0 0 0 0 0 0 0 0 0 0 0 0 0 0 0 0 0 0 0 0 0 0 0 0 289 289 289 265 265 265 265 265 
273 273 273 273 273 273 273 273 273 273 273 273 273 273 273 273 273 273 273 273 273 273 273 273 273 273 273 273 273 273 273 273 273 273 273 273 273 273 273 273 273 273 273 273 273 273 273 273 273 273 273 273 273 273 273 273 273 273 273 273 273 273 273 273 273 273 273 273 273 273 273 273 273 273 273 273 273 273 273 273 273 273 273 273 273 273 273 273 273 273 273 273 289 289 289 265 265 265 265 265 
265 265 265 265 265 265 265 265 265 265 265 265 265 265 265 265 265 265 265 265 265 265 265 265 265 265 265 265 265 265 265 265 265 265 265 265 265 265 265 265 265 265 265 265 265 265 265 265 265 265 265 265 265 265 265 265 265 265 265 265 265 265 265 265 265 265 265 265 265 265 265 265 265 265 265 265 265 265 265 265 265 265 265 265 265 265 265 265 265 265 265 265 289 289 289 265 265 265 265 265 
265 265 265 265 265 265 265 265 265 265 265 265 265 265 265 265 265 265 265 265 265 265 265 265 265 265 265 265 265 265 265 265 265 265 265 265 265 265 265 265 265 265 265 265 265 265 265 265 265 265 265 265 265 265 265 265 265 265 265 265 265 265 265 265 265 265 265 265 265 265 265 265 265 265 265 265 265 265 265 265 265 265 265 265 265 265 265 265 265 265 265 265 289 289 289 265 265 265 265 265 
265 265 265 265 265 265 265 265 265 265 265 265 265 265 265 265 265 265 265 265 265 265 265 265 265 265 265 265 265 265 265 265 265 265 265 265 265 265 265 265 265 265 265 265 265 265 265 265 265 265 265 265 265 265 265 265 265 265 265 265 265 265 265 265 265 265 265 265 265 265 265 265 265 265 265 265 265 265 265 265 265 265 265 265 265 265 265 265 265 265 265 265 289 289 289 265 265 265 265 265 
265 265 265 265 265 265 265 265 265 265 265 265 265 265 265 265 265 265 265 265 265 265 265 265 265 265 265 265 265 265 265 265 265 265 265 265 265 265 265 265 265 265 265 265 265 265 265 265 265 265 265 265 265 265 265 265 265 265 265 265 265 265 265 265 265 265 265 265 265 265 265 265 265 265 265 265 265 265 265 265 265 265 265 265 265 265 265 265 265 265 265 265 289 289 289 265 265 265 265 265 
265 265 265 265 265 265 265 265 265 265 265 265 265 265 265 265 265 265 265 265 265 265 265 265 265 265 265 265 265 265 265 265 265 265 265 265 265 265 265 265 265 265 265 265 265 265 265 265 265 265 265 265 265 265 265 265 265 265 265 265 265 265 265 265 265 265 265 265 265 265 265 265 265 265 265 265 265 265 265 265 265 265 265 265 265 265 265 265 265 265 265 265 289 289 289 265 265 265 265 265 
265 265 265 265 265 265 265 265 265 265 265 265 265 265 265 265 265 265 265 265 265 265 265 265 265 265 265 265 265 265 265 265 265 265 265 265 265 265 265 265 265 265 265 265 265 265 265 265 265 265 265 265 265 265 265 265 265 265 265 265 265 265 265 265 265 265 265 265 265 265 265 265 265 265 265 265 265 265 265 265 265 265 265 265 265 265 265 265 265 265 265 265 289 289 289 265 265 265 265 265 
265 265 265 265 265 265 265 265 265 265 265 265 265 265 265 265 265 265 265 265 265 265 265 265 265 265 265 265 265 265 265 265 265 265 265 265 265 265 265 265 265 265 265 265 265 265 265 265 265 265 265 265 265 265 265 265 265 265 265 265 265 265 265 265 265 265 265 265 265 265 265 265 265 265 265 265 265 265 265 265 265 265 265 265 265 265 265 265 265 265 265 265 289 289 289 265 265 265 265 265 
265 265 265 265 265 265 265 265 265 265 265 265 265 265 265 265 265 265 265 265 265 265 265 265 265 265 265 265 265 265 265 265 265 265 265 265 265 265 265 265 265 265 265 265 265 265 265 265 265 265 265 265 265 265 265 265 265 265 265 265 265 265 265 265 265 265 265 265 265 265 265 265 265 265 265 265 265 265 265 265 265 265 265 265 265 265 265 265 265 265 265 265 289 289 289 265 265 265 265 265 
265 265 265 265 265 265 265 265 265 265 265 265 265 265 265 265 265 265 265 265 265 265 265 265 265 265 265 265 265 265 265 265 265 265 265 265 265 265 265 265 265 265 265 265 265 265 265 265 265 265 265 265 265 265 265 265 265 265 265 265 265 265 265 265 265 265 265 265 265 265 265 265 265 265 265 265 265 265 265 265 265 265 265 265 265 265 265 265 265 265 265 265 289 289 289 265 265 265 265 265 
265 265 265 265 265 265 265 265 265 265 265 265 265 265 265 265 265 265 265 265 265 265 265 265 265 265 265 265 265 265 265 265 265 265 265 265 265 265 265 265 265 265 265 265 265 265 265 265 265 265 265 265 265 265 265 265 265 265 265 265 265 265 265 265 265 265 265 265 265 265 265 265 265 265 265 265 265 265 265 265 265 265 265 265 265 265 265 265 265 265 265 265 289 289 289 265 265 265 265 265 
265 265 265 265 265 265 265 265 265 265 265 265 265 265 265 265 265 265 265 265 265 265 265 265 265 265 265 265 265 265 265 265 265 265 265 265 265 265 265 265 265 265 265 265 265 265 265 265 265 265 265 265 265 265 265 265 265 265 265 265 265 265 265 265 265 265 265 265 265 265 265 265 265 265 265 265 265 265 265 265 265 265 265 265 265 265 265 265 265 265 265 265 289 289 289 265 265 265 265 265 
265 265 265 265 265 265 265 265 265 265 265 265 265 265 265 265 265 265 265 265 265 265 265 265 265 265 265 265 265 265 265 265 265 265 265 265 265 265 265 265 265 265 265 265 265 265 265 265 265 265 265 265 265 265 265 265 265 265 265 265 265 265 265 265 265 265 265 265 265 265 265 265 265 265 265 265 265 265 265 265 265 265 265 265 265 265 265 265 265 265 265 265 289 289 289 265 265 265 265 265 
265 265 265 265 265 265 265 265 265 265 265 265 265 265 265 265 265 265 265 265 265 265 265 265 265 265 265 265 265 265 265 265 265 265 265 265 265 265 265 265 265 265 265 265 265 265 265 265 265 265 265 265 265 265 265 265 265 265 265 265 265 265 265 265 265 265 265 265 265 265 265 265 265 265 265 265 265 265 265 265 265 265 265 265 265 265 265 265 265 265 265 265 289 289 289 265 265 265 265 265 
265 265 265 265 265 265 265 265 265 265 265 265 265 265 265 265 265 265 265 265 265 265 265 265 265 265 265 265 265 265 265 265 265 265 265 265 265 265 265 265 265 265 265 265 265 265 265 265 265 265 265 265 265 265 265 265 265 265 265 265 265 265 265 265 265 265 265 265 265 265 265 265 265 265 265 265 265 265 265 265 265 265 265 265 265 265 265 265 265 265 265 265 289 289 289 265 265 265 265 265 
265 265 265 265 265 265 265 265 265 265 265 265 265 265 265 265 265 265 265 265 265 265 265 265 265 265 265 265 265 265 265 265 265 265 265 265 265 265 265 265 265 265 265 265 265 265 265 265 265 265 265 265 265 265 265 265 265 265 265 265 265 265 265 265 265 265 265 265 265 265 265 265 265 265 265 265 265 265 265 265 265 265 265 265 265 265 265 265 265 265 265 265 289 289 289 265 265 265 265 265 
265 265 265 265 265 265 265 265 265 265 265 265 265 265 265 265 265 265 265 265 265 265 265 265 265 265 265 265 265 265 265 265 265 265 265 265 265 265 265 265 265 265 265 265 265 265 265 265 265 265 265 265 265 265 265 265 265 265 265 265 265 265 265 265 265 265 265 265 265 265 265 265 265 265 265 265 265 265 265 265 265 265 265 265 265 265 265 265 265 265 265 265 289 289 289 265 265 265 265 265 
265 265 265 265 265 265 265 265 265 265 265 265 265 265 265 265 265 265 265 265 265 265 265 265 265 265 265 265 265 265 265 265 265 265 265 265 265 265 265 265 265 265 265 265 265 265 265 265 265 265 265 265 265 265 265 265 265 265 265 265 265 265 265 265 265 265 265 265 265 265 265 265 265 265 265 265 265 265 265 265 265 265 265 265 265 265 265 265 265 265 265 265 289 289 289 265 265 265 265 265 
265 265 265 265 265 265 265 265 265 265 265 265 265 265 265 265 265 265 265 265 265 265 265 265 265 265 265 265 265 265 265 265 265 265 265 265 265 265 265 265 265 265 265 265 265 265 265 265 265 265 265 265 265 265 265 265 265 265 265 265 265 265 265 265 265 265 265 265 265 265 265 265 265 265 265 265 265 265 265 265 265 265 265 265 265 265 265 265 265 265 265 265 289 289 289 265 265 265 265 265 
