5 5 5 5 5 5 5 5 5 5 5 0 0 0 0 0 0 0 0 0 0 0 0 0 0 0 0 0 0 0 0 0 0 0 0 0 0 0 0 0 0 0 0 0 0 0 0 0 0 0 0 0 0 0 0 0 0 0 0 0 0 0 0 0 0 0 0 0 0 0 0 0 0 0 0 0 0 0 0 0 0 0 0 0 0 0 0 0 0 0 0 0 0 0 0 0 0 0 0 0 
5 5 5 5 5 5 5 5 5 5 5 0 0 0 0 0 0 0 0 0 0 0 0 0 0 0 0 0 0 0 0 0 0 0 0 0 0 0 0 0 0 0 0 0 0 0 0 0 0 0 0 0 0 0 0 0 0 0 0 0 0 0 0 0 0 0 0 0 0 0 0 0 0 0 0 0 0 0 0 0 0 0 0 0 0 0 0 0 0 0 0 0 0 0 0 0 0 0 0 0 
5 5 5 5 5 5 5 5 5 5 5 0 0 0 0 0 0 0 0 0 0 0 0 0 0 0 0 0 0 0 0 0 0 0 0 0 0 0 0 0 0 0 0 0 0 0 0 0 0 0 0 0 0 0 0 0 0 0 0 0 0 0 0 0 0 0 0 0 0 0 0 0 0 0 0 0 0 0 0 0 0 0 0 0 0 0 0 0 0 0 0 0 0 0 0 0 0 0 0 0 
5 5 5 5 5 5 5 5 5 5 5 0 0 0 0 0 0 0 0 0 0 0 0 0 0 0 0 0 0 0 0 0 0 0 0 0 0 0 0 0 0 0 0 0 0 0 0 0 0 0 0 0 0 0 0 0 0 0 0 0 0 0 0 0 0 0 0 0 0 0 0 0 0 0 0 0 0 0 0 0 0 0 0 0 0 0 0 0 0 0 0 0 0 0 0 0 0 0 0 0 
5 5 5 5 5 5 5 5 5 5 5 0 0 0 0 0 0 0 0 0 0 0 0 0 0 0 0 0 0 0 0 0 0 0 0 0 0 0 0 0 0 0 0 0 0 0 0 0 0 0 0 0 0 0 0 0 0 0 0 0 0 0 0 0 0 0 0 0 0 0 0 0 0 0 0 0 0 0 0 0 0 0 0 0 0 0 0 0 0 0 0 0 0 0 0 0 0 0 0 0 
5 5 5 5 5 5 5 5 5 5 5 0 0 0 0 0 0 0 0 0 0 0 0 0 0 0 0 0 0 0 0 0 0 0 0 0 0 0 0 0 0 0 0 0 0 0 0 0 0 0 0 0 0 0 0 0 0 0 0 0 0 0 0 0 0 0 0 0 0 0 0 0 0 0 0 0 0 0 0 0 0 0 0 0 0 0 0 0 0 0 0 0 0 0 0 0 0 0 0 0 
5 5 5 5 5 5 5 5 5 5 5 0 0 0 0 0 0 0 0 0 0 0 0 0 0 0 0 0 0 0 0 0 0 0 0 0 0 0 0 0 0 0 0 0 0 0 0 0 0 0 0 0 0 0 0 0 0 0 0 0 0 0 0 0 0 0 0 0 0 0 0 0 0 0 0 0 0 0 0 0 0 0 0 0 0 0 0 0 0 0 0 0 0 0 0 0 0 0 0 0 
5 5 5 5 5 5 5 5 5 5 5 0 0 0 0 0 0 0 0 0 0 0 0 0 0 0 0 0 0 0 0 0 0 0 0 0 0 0 0 0 0 0 0 0 0 0 0 0 0 0 0 0 0 0 0 0 0 0 0 0 0 0 0 0 0 0 0 0 0 0 0 0 0 0 0 0 0 0 0 0 0 0 0 0 0 0 0 0 0 0 0 0 0 0 0 0 0 0 0 0 
5 5 5 5 5 5 5 5 5 5 5 0 0 0 0 0 0 0 0 0 0 0 0 0 0 0 0 0 0 0 0 0 0 0 0 0 0 0 0 0 0 0 0 0 0 0 0 0 0 0 0 0 0 0 0 0 0 0 0 0 0 0 0 0 0 0 0 0 0 0 0 0 0 0 0 0 0 0 0 0 0 0 0 0 0 0 0 0 0 0 0 0 0 0 0 0 0 0 0 0 
5 5 5 5 5 5 5 5 5 5 5 0 0 0 0 0 0 0 0 0 0 0 0 0 0 0 0 0 0 0 0 0 0 0 0 0 0 0 0 0 0 0 0 0 0 0 0 0 0 0 0 0 0 0 0 0 0 0 0 0 0 0 0 0 0 0 0 0 0 0 0 0 0 0 0 0 0 0 0 0 0 0 0 0 0 0 0 0 0 0 0 0 0 0 0 0 0 0 0 0 
9 5 5 5 5 5 5 5 5 5 5 0 0 0 0 0 0 0 0 0 0 0 0 0 0 0 0 0 0 0 0 0 0 0 0 0 0 0 0 0 0 0 0 0 0 0 0 0 0 0 0 0 0 0 0 0 0 0 0 0 0 0 0 0 0 0 0 0 0 0 0 0 0 0 0 0 0 0 0 0 0 0 0 0 0 0 0 0 0 0 0 0 0 0 0 0 0 0 0 0 
249 9 9 5 5 5 5 5 5 5 5 0 0 0 0 0 0 0 0 0 0 0 0 0 0 0 0 0 0 0 0 0 0 0 0 0 0 0 0 0 0 0 0 0 0 0 0 0 0 0 0 0 0 0 0 0 0 0 0 0 0 0 0 0 0 0 0 0 0 0 0 0 0 0 0 0 0 0 0 0 0 0 0 0 0 0 0 0 0 0 0 0 0 0 0 0 0 0 0 0 
9 9 1 5 5 5 5 5 5 5 5 0 0 0 0 0 0 0 0 0 0 0 0 0 0 0 0 0 0 0 0 0 0 0 0 0 0 0 0 0 0 0 0 0 0 0 0 0 0 0 0 0 0 0 0 0 0 0 0 0 0 0 0 0 0 0 0 0 0 0 0 0 0 0 0 0 0 0 0 0 0 0 0 0 0 0 0 0 0 0 0 0 0 0 0 0 0 0 0 0 
249 9 9 5 5 5 5 5 25 26 26 0 0 0 0 0 0 0 0 0 0 0 0 0 0 0 0 0 0 0 0 0 0 0 0 0 0 0 0 0 0 0 0 0 0 0 0 0 0 0 0 0 0 0 0 0 0 0 0 0 0 0 0 0 0 0 0 0 0 0 0 0 0 0 0 0 0 0 0 0 0 0 0 0 0 0 0 0 0 0 0 0 0 0 0 0 0 0 0 0 
9 249 9 5 5 5 25 26 36 24 3 0 0 0 0 0 0 0 0 0 0 0 0 0 0 0 0 0 0 0 0 0 0 0 0 0 0 0 0 0 0 0 0 0 0 0 0 0 0 0 0 0 0 0 0 0 0 0 0 0 0 0 0 0 0 0 0 0 0 0 0 0 0 0 0 0 0 0 0 0 0 0 0 0 0 0 0 0 0 0 0 0 0 0 0 0 0 0 0 0 
9 9 9 5 25 26 36 24 3 24 24 0 0 0 0 0 0 0 0 0 0 0 0 0 0 0 0 0 0 0 0 0 0 0 0 0 0 0 0 0 0 0 0 0 0 0 0 0 0 0 0 0 0 0 0 0 0 0 0 0 0 0 0 0 0 0 0 0 0 0 0 0 0 0 0 0 0 0 0 0 0 0 0 0 0 0 0 0 0 0 0 0 0 0 0 0 0 0 0 0 
249 1 25 368 36 24 24 24 24 33 31 24 24 24 24 24 24 24 0 0 0 0 0 0 0 0 0 0 0 0 0 0 0 0 0 0 0 0 0 0 0 0 0 0 0 0 0 0 0 0 0 0 0 0 0 0 0 0 0 0 0 0 0 0 0 0 0 0 0 0 0 0 0 0 0 0 0 0 0 0 0 0 0 0 0 0 0 0 0 0 0 0 0 0 0 0 0 0 0 0 
25 26 36 367 24 24 3 33 31 32 5 0 0 0 0 0 0 24 24 24 24 24 0 0 0 0 0 0 0 0 0 0 0 0 0 0 0 0 0 0 0 0 0 0 0 0 0 0 0 0 0 0 0 0 0 0 0 0 0 0 0 0 0 0 0 0 0 0 0 0 0 0 0 0 0 0 0 0 0 0 0 0 0 0 0 0 0 0 0 0 0 0 0 0 0 0 0 0 0 0 
36 24 24 367 24 33 31 32 5 5 5 0 0 0 0 0 0 0 0 0 0 24 24 24 0 0 0 0 0 0 0 0 0 0 0 0 0 0 0 0 0 0 0 0 0 0 0 0 0 0 0 0 0 0 0 0 0 0 0 0 0 0 0 0 0 0 0 0 0 0 0 0 0 0 0 0 0 0 0 0 0 0 0 0 0 0 0 0 0 0 0 0 0 0 0 0 0 0 0 0 
24 24 24 367 33 32 5 5 5 5 5 0 0 0 0 0 0 0 0 0 0 0 0 24 24 24 24 24 0 0 0 0 0 0 0 0 0 0 0 0 0 0 0 0 0 0 0 0 0 0 0 0 0 0 0 0 0 0 0 0 0 0 0 0 0 0 0 0 0 0 0 0 0 0 0 0 0 0 0 0 0 0 0 0 0 0 0 0 0 0 0 0 0 0 0 0 0 0 0 0 
24 3 33 371 32 5 5 5 5 5 5 5 5 0 0 0 0 0 0 0 0 0 0 0 0 0 0 24 24 24 24 24 24 24 0 0 0 0 0 0 0 0 0 0 0 0 0 0 0 0 0 0 0 0 0 0 0 0 0 0 0 0 0 0 0 0 0 0 0 0 0 0 0 0 0 0 0 0 0 0 0 0 0 0 0 0 0 0 0 0 0 0 0 0 0 0 0 0 0 0 
33 31 32 5 5 5 5 5 5 5 5 5 5 0 0 0 0 0 0 0 0 0 0 0 0 0 0 0 0 0 0 0 0 24 24 24 24 24 0 0 0 0 0 0 0 0 0 0 0 0 0 0 0 0 0 0 0 0 0 0 0 0 0 0 0 0 0 0 0 0 0 0 0 0 0 0 0 0 0 0 0 0 0 0 0 0 0 0 0 0 0 0 0 0 0 0 0 0 0 0 
32 9 5 5 5 5 5 5 5 5 5 5 5 0 0 0 0 0 0 0 0 0 0 0 0 0 0 0 0 0 0 0 0 0 0 0 0 24 24 24 24 0 0 0 0 0 0 0 0 0 0 0 0 0 0 0 0 0 0 0 0 0 0 0 0 0 0 0 0 0 0 0 0 0 0 0 0 0 0 0 0 0 0 0 0 0 0 0 0 0 0 0 0 0 0 0 0 0 0 0 
9 1 5 5 5 5 5 5 5 5 5 5 0 0 0 0 0 0 0 0 0 0 0 0 0 0 0 0 0 0 0 0 0 0 0 0 0 0 0 0 24 24 24 24 0 0 0 0 0 0 0 0 0 0 0 0 0 0 0 0 0 0 0 0 0 0 0 0 1068 1068 1068 1068 1068 1068 1068 1068 1068 1068 1068 1068 1068 1068 1068 1068 1068 1068 1068 1068 1068 1068 1068 1068 1068 1068 1068 1068 1068 1068 1068 1068 
9 5 5 5 5 5 5 5 5 5 5 5 0 0 0 0 0 0 0 0 0 0 0 0 0 0 0 0 0 0 0 0 0 0 0 0 0 0 0 0 0 0 0 0 0 0 0 0 0 0 0 0 0 0 0 0 0 0 0 0 0 0 0 0 0 0 0 0 1068 1068 1068 1068 1068 1068 1068 1068 1068 1068 1068 1068 1068 1068 1068 1068 1068 1068 1068 1068 1068 1068 1068 1068 1068 1068 1068 1068 1068 1068 1068 1068 
5 5 5 5 5 5 5 5 5 5 5 5 0 0 0 0 0 0 0 0 0 0 0 0 0 0 0 0 0 0 0 0 0 0 0 0 0 0 0 0 0 0 0 0 0 0 0 0 0 0 0 0 0 0 0 0 0 0 0 0 0 0 0 0 0 0 0 0 1068 1068 1068 1068 1068 1068 1068 1068 1068 1068 1068 1068 1068 1068 1068 1068 1068 1068 1068 1068 1068 1068 1068 1068 1068 1068 1068 1068 1068 1068 1068 1068 
1 5 5 5 5 5 5 5 5 5 301 302 302 302 302 303 0 0 0 0 0 0 0 0 0 0 0 0 0 0 0 0 0 0 0 0 0 0 0 0 0 0 0 0 0 0 0 0 0 0 0 0 0 0 0 0 0 0 0 0 0 0 0 0 0 0 0 0 1068 1068 1068 1068 1068 1068 1068 1068 1068 1068 1068 1068 1068 1068 1068 1068 1068 1068 1068 1068 1068 1068 1068 1068 1068 1068 1068 1068 1068 1068 1068 1068 
9 249 5 5 5 5 5 5 5 5 304 0 0 0 0 311 302 302 302 302 303 0 0 0 0 0 0 0 0 0 0 0 0 0 0 0 0 0 0 0 0 0 0 0 0 0 0 0 0 0 0 0 0 0 0 0 0 0 0 0 0 0 0 0 0 0 0 0 1068 1068 1068 1068 1068 1068 1068 1068 1068 1068 1068 1068 1068 1068 1068 1068 1068 1068 1068 1068 1068 1068 1068 1068 1068 1068 1068 1068 1068 1068 1068 1068 
5 9 5 5 5 5 5 5 5 5 304 0 0 0 0 0 0 0 0 0 311 302 302 302 303 0 0 0 0 0 0 0 0 0 0 0 0 0 0 0 0 0 0 0 0 0 0 0 0 0 0 0 0 0 0 0 0 0 0 0 0 0 0 0 0 0 0 0 1068 1068 1068 1068 1068 1068 1068 1068 1068 1068 1068 1068 1068 1068 1068 1068 1068 1068 1068 1068 1068 1068 1068 1068 1068 1068 1068 1068 1068 1068 1068 1068 
9 1 5 5 5 5 5 5 301 302 312 0 0 0 0 0 0 0 0 0 0 0 0 0 311 302 303 0 0 0 0 0 0 0 0 0 0 0 0 0 0 0 0 0 0 0 0 0 0 0 0 0 0 0 0 0 0 0 0 0 0 0 0 0 0 0 0 0 1068 1068 1068 1068 1068 1068 1068 1068 1068 1068 1068 1068 1068 1068 1068 1068 1068 1068 1068 1068 1068 1068 1068 1068 1068 1068 1068 1068 1068 1068 1068 1068 
7 9 5 5 5 5 5 5 304 300 300 0 0 0 0 0 0 0 0 0 0 0 0 0 0 0 311 302 302 303 0 0 0 0 0 0 0 0 0 0 0 0 0 0 0 0 0 0 0 0 0 0 0 0 0 0 0 0 0 0 0 0 0 0 0 0 0 0 1068 1068 1068 1068 1068 1068 1068 1068 1068 1068 1068 1068 1068 1068 1068 1068 1068 1068 1068 1068 1068 1068 1068 1068 1068 1068 1068 1068 1068 1068 1068 1068 
7 7 5 5 5 5 5 5 304 300 300 0 0 0 0 0 0 0 0 0 0 0 0 0 0 0 0 0 0 311 302 303 0 0 302 302 0 0 0 0 0 0 0 0 0 0 0 0 0 0 0 0 0 0 0 0 0 0 0 0 0 0 0 0 0 0 0 0 1068 1068 1068 1068 1068 1068 1068 1068 1068 1068 1068 1068 1068 1068 1068 1068 1068 1068 1068 1068 1068 1068 1068 1068 1068 1068 1068 1068 1068 1068 1068 1068 
7 7 5 5 5 5 301 302 312 300 300 0 0 0 0 0 0 0 0 0 0 0 0 0 0 0 0 0 0 0 0 311 302 302 302 302 302 302 302 302 302 302 302 302 302 302 302 303 0 0 0 0 0 0 0 0 0 0 0 0 0 0 0 0 0 0 0 0 1068 1068 1068 1068 1068 1068 1068 1068 1068 1068 1068 1068 1068 1068 1068 1068 1068 1068 1068 1068 1068 1068 1068 1068 1068 1068 1068 1068 1068 1068 1068 1068 
7 5 5 5 5 5 304 300 300 300 300 0 0 0 0 0 0 0 0 0 0 0 0 0 0 0 0 0 0 0 0 0 0 0 0 0 0 0 0 0 0 0 0 0 0 0 0 305 0 0 0 0 0 0 0 0 0 0 0 0 0 0 0 0 0 0 0 0 1068 1068 1068 1068 1068 1068 1068 1068 1068 1068 1068 1068 1068 1068 1068 1068 1068 1068 1068 1068 1068 1068 1068 1068 1068 1068 1068 1068 1068 1068 1068 1068 
5 5 5 5 5 5 304 300 300 300 300 0 0 0 0 0 0 0 0 0 0 0 0 0 0 0 0 0 0 0 0 0 0 0 0 0 0 0 0 0 0 0 0 0 0 0 0 311 302 303 9 9 9 9 9 9 9 9 9 9 9 9 9 9 9 9 1064 1065 1068 1068 1068 1068 1068 1068 1068 1068 1068 1068 1068 1068 1068 1068 1068 1068 1068 1068 1068 1068 1068 1068 1068 1068 1068 1068 1068 1068 1068 1068 1068 1068 
5 5 5 5 5 5 304 300 300 300 300 0 0 0 0 0 0 0 0 0 0 0 0 0 0 0 0 0 0 0 0 0 0 0 0 0 0 0 0 0 0 0 0 0 0 0 0 0 0 305 9 9 9 9 9 9 9 9 9 9 1087 1085 1085 1085 1085 1085 1067 1061 1068 1068 1068 1068 1068 1068 1068 1068 1068 1068 1068 1068 1068 1068 1068 1068 1068 1068 1068 1068 1068 1068 1068 1068 1068 1068 1068 1068 1068 1068 1068 1068 
5 5 5 5 5 5 306 310 300 300 300 0 0 0 0 0 0 0 0 0 0 0 0 0 0 0 0 0 0 0 0 0 0 0 0 0 0 0 0 0 0 0 0 0 0 0 0 0 0 305 9 9 9 9 9 9 301 302 302 1087 1086 1064 1065 1065 1065 1065 1065 1067 1068 1068 1068 1068 1068 1068 1068 1068 1068 1068 1068 1068 1068 1068 1068 1068 1068 1068 1068 1068 1068 1068 1068 1068 1068 1068 1068 1068 1068 1068 1068 1068 
5 5 5 5 5 5 5 306 310 300 300 0 0 0 0 0 0 0 0 0 0 0 0 0 0 0 0 0 0 0 0 0 0 0 0 0 0 0 0 0 0 0 0 0 0 0 0 0 0 305 9 9 9 9 9 301 312 0 0 1083 1064 1065 1064 1062 1062 1062 1062 1062 1068 1068 1068 1068 1068 1068 1068 1068 1068 1068 1068 1068 1068 1068 1068 1068 1068 1068 1068 1068 1068 1068 1068 1068 1068 1068 1068 1068 1068 1068 1068 1068 
9 249 5 5 5 5 5 5 304 300 300 0 0 0 0 0 0 0 0 0 0 0 0 0 0 0 0 0 0 0 0 0 0 0 0 0 0 0 0 0 0 0 0 0 0 0 0 0 0 311 302 4 302 302 302 312 0 0 0 1083 1067 1064 1062 1061 1062 1062 1062 1062 1068 1068 1068 1068 1068 1068 1068 1068 1068 1068 1068 1068 1068 1068 1068 1068 1068 1068 1068 1068 1068 1068 1068 1068 1068 1068 1068 1068 1068 1068 1068 1068 
1 9 5 5 5 5 5 5 306 310 300 0 0 0 0 0 0 0 0 0 0 0 0 0 0 0 0 0 0 0 0 0 0 0 0 0 0 0 0 0 0 0 0 0 0 0 0 0 0 0 0 4 0 0 0 0 0 0 1087 1086 1067 1067 1061 1062 1068 1068 1068 1068 1068 1068 1068 1068 1068 1068 1068 1068 1068 1068 1068 1068 1068 1068 1068 1068 1068 1068 1068 1068 1068 1068 1068 1068 1068 1068 1068 1068 1068 1068 1068 1068 
9 9 5 5 5 5 5 5 5 304 300 0 0 0 0 0 0 0 0 0 0 0 0 0 0 0 0 0 0 0 0 0 0 0 309 307 307 307 307 307 307 310 0 0 0 0 0 0 0 0 0 4 0 0 0 0 0 0 1083 1064 1065 1067 1062 1061 1062 1062 1062 1068 1068 1068 1068 1068 1068 1068 1068 1068 1068 1068 1068 1068 1068 1068 1068 1068 1068 1068 1068 1068 1068 1068 1068 1068 1068 1068 1068 1068 1068 1068 1068 1068 
9 9 9 5 5 5 5 5 5 306 310 0 0 0 0 0 0 0 0 0 0 0 0 0 0 0 0 0 0 0 0 0 309 307 308 9 249 9 1 9 9 306 307 307 307 307 310 0 0 0 0 4 0 0 0 0 0 1087 1086 1067 1064 1062 1068 1067 1061 1062 1062 1068 1068 1068 1068 1068 1068 1068 1068 1068 1068 1068 1068 1068 1068 1068 1068 1068 1068 1068 1068 1068 1068 1068 1068 1068 1068 1068 1068 1068 1068 1068 1068 1068 
9 1 9 5 5 5 5 5 5 5 304 0 0 0 0 0 0 0 0 0 0 0 0 0 0 0 0 0 0 0 309 307 308 1 9 9 414 9 249 237 238 239 9 9 1 9 306 307 307 307 307 1087 1085 1085 1085 1085 1085 1086 1064 1065 1067 1061 1062 1062 1067 1068 1068 1068 1068 1068 1068 1068 1068 1068 1068 1068 1068 1068 1068 1068 1068 1068 1068 1068 1068 1068 1068 1068 1068 1068 1068 1068 1068 1068 1068 1068 1068 1068 1068 1068 
50 50 51 5 5 5 5 5 5 5 304 0 0 0 0 0 0 0 0 0 0 0 0 0 0 0 0 0 0 309 308 9 9 9 249 1 413 9 237 248 236 247 239 9 9 270 257 271 1 9 9 1083 1064 1065 1065 1065 1065 1065 1065 1064 1062 1067 1068 1068 1067 1068 1068 1068 1068 1068 1068 1068 1068 1068 1068 1068 1068 1068 1068 1068 1068 1068 1068 1068 1068 1068 1068 1068 1068 1068 1068 1068 1068 1068 1068 1068 1068 1068 1068 1068 
53 54 55 5 5 5 5 5 5 5 304 0 0 0 0 309 307 307 307 307 307 310 0 0 0 0 0 0 309 308 1 9 7 7 7 9 9 237 248 236 236 236 247 239 1 250 251 260 271 9 9 1083 1067 1069 1069 1069 1069 1069 1069 1067 1061 1062 1068 1068 1067 1068 1068 1068 1068 1068 1068 1068 1068 1068 1068 1068 1068 1068 1068 1068 1068 1068 1068 1068 1068 1068 1068 1068 1068 1068 1068 1068 1068 1068 1068 1068 1068 1068 1068 1068 
57 58 59 5 5 5 5 5 5 5 304 0 0 0 309 308 18 16 16 16 19 304 0 0 0 0 0 309 308 9 9 7 7 7 7 7 9 242 246 236 236 236 236 247 239 253 261 251 252 1 9 1083 1074 254 255 1078 1069 1069 1069 1067 1067 1061 1062 1062 1062 1068 1068 1068 1068 1068 1068 1068 1068 1068 1068 1068 1068 1068 1068 1068 1068 1068 1068 1068 1068 1068 1068 1068 1068 1068 1068 1068 1068 1068 1068 1068 1068 1068 1068 1068 
6 13 9 186 187 187 187 188 5 5 304 0 0 309 308 18 17 6 6 6 13 350 350 350 350 350 350 350 9 9 7 7 7 7 7 7 7 1 240 236 236 236 236 236 247 239 253 258 256 9 1087 1086 1069 1069 1069 1067 1069 1069 1076 1067 1067 1067 1068 1068 1068 1068 1068 1068 1068 1068 1068 1068 1068 1068 1068 1068 1068 1068 1068 1068 1068 1068 1068 1068 1068 1068 1068 1068 1068 1068 1068 1068 1068 1068 1068 1068 1068 1068 1068 1068 
6 13 189 190 191 191 191 192 193 5 306 307 307 308 18 17 6 6 10 11 21 304 0 0 0 0 0 305 1 9 7 7 7 7 7 7 7 9 242 246 236 236 236 236 236 241 9 1087 1085 1085 1086 1069 1069 1069 1069 1067 1069 1064 1065 1065 1067 1067 1068 1068 1068 1068 1068 1068 1068 1068 1068 1068 1068 1068 1068 1068 1068 1068 1068 1068 1068 1068 1068 1068 1068 1068 1068 1068 1068 1068 1068 1068 1068 1068 1068 1068 1068 1068 1068 1068 
6 15 194 195 196 196 196 197 198 16 16 16 16 16 17 6 6 10 21 301 302 312 0 0 0 0 0 311 303 249 9 7 7 7 7 7 9 9 1 240 236 236 236 236 236 247 239 1083 1064 1065 1065 1065 1065 1065 1065 1065 1069 1067 1064 1062 1062 1067 1068 1068 1068 1068 1068 1068 1068 1068 1068 1068 1068 1068 1068 1068 1068 1068 1068 1068 1068 1068 1068 1068 1068 1068 1068 1068 1068 1068 1068 1068 1068 1068 1068 1068 1068 1068 1068 1068 
6 6 199 200 201 201 201 202 203 6 6 6 6 6 6 6 10 21 301 312 0 0 0 0 0 0 0 0 311 303 9 1 7 7 7 9 9 9 9 240 236 236 236 236 236 236 241 1083 1067 1076 1069 1069 1069 1069 1069 1069 1076 1067 1067 1061 1062 1068 1068 1068 1068 1068 1068 1068 1068 1068 1068 1068 1068 1068 1068 1068 1068 1068 1068 1068 1068 1068 1068 1068 1068 1068 1068 1068 1068 1068 1068 1068 1068 1068 1068 1068 1068 1068 1068 1068 
6 10 204 131 206 206 206 135 208 11 11 11 11 11 12 6 15 19 304 0 0 0 0 0 0 0 0 0 0 311 302 303 9 9 9 1 9 9 249 240 236 236 236 236 236 236 241 1083 1067 1069 1069 1069 1069 1069 1069 1069 1064 1065 1067 1067 1068 1068 1068 1068 1068 1068 1068 1068 1068 1068 1068 1068 1068 1068 1068 1068 1068 1068 1068 1068 1068 1068 1068 1068 1068 1068 1068 1068 1068 1068 1068 1068 1068 1068 1068 1068 1068 1068 1068 1068 
6 13 9 5 5 5 5 5 301 302 302 302 302 303 14 6 6 13 306 310 0 0 0 0 0 0 0 0 0 0 0 311 303 1 9 9 9 9 9 240 236 236 236 236 236 236 241 1083 1067 1069 1069 1069 1069 1076 1064 1065 1065 1069 1067 1067 1068 1068 1068 1068 1068 1068 1068 1068 1068 1068 1068 1068 1068 1068 1068 1068 1068 1068 1068 1068 1068 1068 1068 1068 1068 1068 1068 1068 1068 1068 1068 1068 1068 1068 1068 1068 1068 1068 1068 1068 
6 13 9 5 5 5 5 5 304 300 300 0 0 305 20 12 6 15 19 304 0 0 0 0 0 0 0 0 0 0 0 0 311 303 9 249 9 1 9 240 236 236 236 236 236 236 241 1083 1067 1069 1076 1069 1069 1069 1067 1069 1069 1069 1067 1067 1068 1068 1068 1068 1068 1068 1068 1068 1068 1068 1068 1068 1068 1068 1068 1068 1068 1068 1068 1068 1068 1068 1068 1068 1068 1068 1068 1068 1068 1068 1068 1068 1068 1068 1068 1068 1068 1068 1068 1068 
6 13 9 5 5 5 5 5 304 300 300 0 0 311 303 14 6 6 13 304 0 0 0 0 0 0 0 0 0 0 0 0 0 305 9 9 9 9 9 242 246 236 236 236 236 236 241 1083 1067 1069 1069 1069 1069 1064 1062 1069 1069 1069 1067 1067 1068 1068 1068 1068 1068 1068 1068 1068 1068 1068 1068 1068 1068 1068 1068 1068 1068 1068 1068 1068 1068 1068 1068 1068 1068 1068 1068 1068 1068 1068 1068 1068 1068 1068 1068 1068 1068 1068 1068 1068 
6 13 9 5 5 5 5 5 306 310 300 0 0 0 305 20 12 6 13 304 0 0 0 0 0 0 0 0 0 0 0 0 0 311 303 1 9 9 9 9 240 236 236 236 236 245 244 1083 1067 1079 1080 1080 1080 1067 1069 1069 1069 1069 1067 1067 1068 1068 1068 1068 1068 1068 1068 1068 1068 1068 1068 1068 1068 1068 1068 1068 1068 1068 1068 1068 1068 1068 1068 1068 1068 1068 1068 1068 1068 1068 1068 1068 1068 1068 1068 1068 1068 1068 1068 1068 
6 13 9 5 5 5 5 5 5 306 310 0 0 0 311 303 14 6 13 304 0 0 0 0 0 0 0 0 0 0 0 0 0 309 308 9 9 9 249 1 240 236 236 236 236 241 1087 1086 1067 1082 9 1 9 1067 1069 1069 1069 1069 1067 1067 1068 1068 1068 1068 1068 1068 1068 1068 1068 1068 1068 1068 1068 1068 1068 1068 1068 1068 1068 1068 1068 1068 1068 1068 1068 1068 1068 1068 1068 1068 1068 1068 1068 1068 1068 1068 1068 1068 1068 1068 
6 13 9 5 5 5 5 5 5 5 304 0 0 0 0 305 20 11 21 304 0 0 0 0 0 0 0 0 0 0 0 0 0 305 1 9 9 1 9 9 240 236 236 236 236 241 1083 1076 1067 1084 1088 9 1 1067 1069 1069 1069 1069 1067 1067 1068 1068 1068 1068 1068 1068 1068 1068 1068 1068 1068 1068 1068 1068 1068 1068 1068 1068 1068 1068 1068 1068 1068 1068 1068 1068 1068 1068 1068 1068 1068 1068 1068 1068 1068 1068 1068 1068 1068 1068 
11 21 9 5 5 5 5 5 5 5 304 0 0 0 0 311 302 8 302 312 0 0 0 0 0 0 0 0 0 0 0 0 0 305 249 9 9 9 9 9 240 236 236 236 236 241 1089 1081 1074 1078 1082 9 9 1067 1069 1069 1069 1069 1067 1067 1068 1068 1068 1068 1068 1068 1068 1068 1068 1068 1068 1068 1068 1068 1068 1068 1068 1068 1068 1068 1068 1068 1068 1068 1068 1068 1068 1068 1068 1068 1068 1068 1068 1068 1068 1068 1068 1068 1068 1068 
5 5 5 5 5 5 5 5 5 5 304 0 0 0 0 0 0 8 0 0 0 0 0 0 0 0 0 0 0 0 0 0 0 305 9 1 9 249 9 9 242 246 236 236 236 247 239 1089 1081 1067 1082 1 9 1067 1069 1069 1069 1069 1067 1067 1068 1068 1068 1068 1068 1068 1068 1068 1068 1068 1068 1068 1068 1068 1068 1068 1068 1068 1068 1068 1068 1068 1068 1068 1068 1068 1068 1068 1068 1068 1068 1068 1068 1068 1068 1068 1068 1068 1068 1068 
5 5 5 5 5 5 5 5 5 5 304 0 0 0 0 0 0 8 0 0 0 0 0 0 0 0 0 0 0 0 0 0 309 308 9 9 9 9 9 1 9 240 236 236 236 236 247 239 1083 1067 1084 1085 1085 1067 1069 1069 1069 1069 1067 1067 1068 1068 1068 1068 1068 1068 1068 1068 1068 1068 1068 1068 1068 1068 1068 1068 1068 1068 1068 1068 1068 1068 1068 1068 1068 1068 1068 1068 1068 1068 1068 1068 1068 1068 1068 1068 1068 1068 1068 1068 
5 5 5 5 5 5 5 5 5 301 312 0 0 0 0 0 0 8 0 0 0 0 0 0 0 0 0 0 0 0 0 309 308 9 1 9 9 9 249 9 9 240 236 236 236 236 236 241 1083 1074 1078 1069 1069 1067 1069 1069 1069 1069 1067 1071 1078 1068 1068 1068 1068 1068 1068 1068 1068 1068 1068 1068 1068 1068 1068 1068 1068 1068 1068 1068 1068 1068 1068 1068 1068 1068 1068 1068 1068 1068 1068 1068 1068 1068 1068 1068 1068 1068 1068 1068 
5 5 5 5 5 5 5 5 301 312 300 0 0 0 0 309 307 8 307 310 0 0 0 0 0 0 0 0 0 0 309 308 9 249 9 9 9 9 9 9 1 240 236 236 236 236 236 241 1089 1081 1067 1069 1069 1067 1069 1069 1069 1069 1074 1078 1071 1072 1072 1072 1072 1072 1072 1072 1072 1072 1072 1072 1078 1068 1068 1068 1068 1068 1068 1068 1068 1068 1068 1068 1068 1068 1068 1068 1068 1068 1068 1068 1068 1068 1068 1068 1068 1068 1068 1068 
5 5 5 5 5 5 5 5 304 300 300 0 0 0 309 308 18 16 19 306 307 310 0 0 0 0 0 0 0 0 305 9 1 9 249 9 1 9 9 9 249 240 236 236 236 236 236 247 239 1083 1067 1069 1069 1074 1072 1072 1078 1069 1069 1074 1072 1072 1072 1072 1072 1072 1072 1072 1072 1078 1068 1068 1067 1068 1068 1068 1068 1068 1068 1068 1068 1068 1068 1068 1068 1068 1068 1068 1068 1068 1068 1068 1068 1068 1068 1068 1068 1068 1068 1068 
5 5 5 5 5 5 5 301 312 300 300 0 0 0 305 1 14 6 15 16 19 306 310 0 0 0 0 0 0 309 308 9 9 9 9 9 9 9 9 1 9 242 246 236 236 236 236 236 241 1083 1067 1069 1069 1069 1069 1076 1074 1072 1072 1072 1072 1078 1068 1068 1068 1068 1068 1068 1068 1067 1068 1068 1067 1068 1068 1068 1068 1068 1068 1068 1068 1068 1068 1068 1068 1068 1068 1068 1068 1068 1068 1068 1068 1068 1068 1068 1068 1068 1068 1068 
5 5 5 5 5 5 5 304 300 300 300 0 0 0 311 303 14 6 6 6 13 249 304 0 0 0 0 0 0 305 414 9 1 9 1 9 9 9 9 9 9 9 242 246 236 236 236 236 241 1083 1074 1078 1069 1069 1079 1080 1080 1080 1080 1081 1069 1067 1068 1068 1068 1068 1068 1068 1068 1067 1068 1068 1067 1068 1068 1068 1068 1068 1068 1068 1068 1068 1068 1068 1068 1068 1068 1068 1068 1068 1068 1068 1068 1068 1068 1068 1068 1068 1068 1068 
5 5 5 5 5 5 5 304 300 300 300 0 0 0 0 305 20 11 12 6 13 1 304 0 0 0 0 0 309 308 413 9 9 9 9 9 249 9 9 249 9 9 9 240 236 236 236 236 241 1089 1081 1074 1078 1069 1082 9 9 1 9 1083 1069 1074 1072 1072 1078 1068 1068 1068 1068 1067 1068 1068 1067 1068 1068 1068 1068 1068 1068 1068 1068 1068 1068 1068 1068 1068 1068 1068 1068 1068 1068 1068 1068 1068 1068 1068 1068 1068 1068 1068 
5 5 5 5 5 5 5 304 300 300 309 307 307 307 310 311 302 303 20 11 21 301 312 0 0 0 0 0 305 9 9 9 414 9 9 9 9 9 9 9 1 9 9 240 236 236 236 236 247 239 1083 1069 1067 1069 1082 9 1 9 9 1083 1069 1069 1069 1069 1074 1072 1072 1072 1078 1067 1068 1068 1067 1068 1068 1068 1068 1068 1068 1068 1068 1068 1068 1068 1068 1068 1068 1068 1068 1068 1068 1068 1068 1068 1068 1068 1068 1068 1068 1068 
5 5 5 5 5 5 5 304 309 307 308 5 5 5 306 310 0 311 302 8 302 312 0 0 0 0 0 0 305 414 9 249 413 9 9 9 9 1 9 9 9 9 1 240 236 236 236 236 236 241 1089 1069 1074 1072 1072 1072 254 255 1072 1072 1072 1072 1072 1072 1072 1072 1072 1078 1067 1071 1078 1068 1067 1068 1068 1068 1068 1068 1068 1068 1068 1068 1068 1068 1068 1068 1068 1068 1068 1068 1068 1068 1068 1068 1068 1068 1068 1068 1068 1068 
5 5 5 5 5 5 5 306 308 5 5 5 5 5 5 306 310 0 0 8 0 0 0 0 0 0 0 0 305 413 9 414 9 1 9 7 7 9 9 9 9 9 9 240 236 236 236 236 236 241 9 1089 1080 1081 1069 1069 1069 1069 1069 1069 1082 9 1 9 9 9 1083 1067 1071 1078 1067 1068 1067 1068 1068 1068 1068 1068 1068 1068 1068 1068 1068 1068 1068 1068 1068 1068 1068 1068 1068 1068 1068 1068 1068 1068 1068 1068 1068 1068 
5 5 5 5 5 5 5 5 5 5 5 5 5 5 5 5 304 0 0 8 0 0 0 0 0 0 0 0 305 9 9 413 9 9 7 7 7 7 9 9 249 9 9 240 236 236 236 236 236 241 9 9 9 1083 1069 1069 1069 1069 1069 1076 1082 9 1 9 1 9 1083 1074 1078 1067 1067 1068 1067 1068 1068 1068 1068 1068 1068 1068 1068 1068 1068 1068 1068 1068 1068 1068 1068 1068 1068 1068 1068 1068 1068 1068 1068 1068 1068 1068 
5 5 5 5 5 5 5 5 5 5 5 5 5 5 5 5 304 0 0 8 0 0 0 0 0 0 0 0 311 303 9 9 9 9 7 7 7 7 7 9 9 9 9 242 246 236 236 236 236 241 1 9 1 1089 1081 1069 1069 1069 1069 1069 1090 9 9 9 9 9 1089 1081 1067 1067 1067 1068 1067 1068 1068 1068 1068 1068 1068 1068 1068 1068 1068 1068 1068 1068 1068 1068 1068 1068 1068 1068 1068 1068 1068 1068 1068 1068 1068 1068 
5 5 5 5 5 5 5 5 5 5 5 5 5 5 5 301 312 309 307 8 310 0 0 0 0 0 0 0 0 305 9 9 9 9 7 7 7 7 9 9 1 9 9 9 240 236 236 236 236 241 9 9 9 9 1089 1080 1080 1080 1080 1090 9 9 9 9 9 9 9 1083 1067 1067 1071 1078 1067 1068 1068 1068 1068 1068 1068 1068 1068 1068 1068 1068 1068 1068 1068 1068 1068 1068 1068 1068 1068 1068 1068 1068 1068 1068 1068 1068 
5 5 5 5 5 5 5 5 5 5 5 5 5 5 301 312 309 308 9 9 304 0 0 0 0 0 0 0 0 305 9 1 9 9 9 7 7 9 9 9 9 9 9 1 240 236 236 236 236 241 9 1 9 9 9 9 9 9 9 9 9 9 1 9 1 9 9 1083 1067 1071 1078 1067 1067 1068 1068 1068 1068 1068 1068 1068 1068 1068 1068 1068 1068 1068 1068 1068 1068 1068 1068 1068 1068 1068 1068 1068 1068 1068 1068 1068 
5 5 5 5 5 5 5 5 5 5 5 5 5 5 304 309 308 1 9 9 306 307 310 0 0 0 0 0 0 311 303 9 9 1 9 9 9 9 9 249 9 249 38 39 240 236 236 236 236 241 9 9 9 270 257 257 257 257 257 257 271 9 9 9 9 9 9 1083 1074 1078 1067 1067 1067 1068 1068 1068 1068 1068 1068 1068 1068 1068 1068 1068 1068 1068 1068 1068 1068 1068 1068 1068 1068 1068 1068 1068 1068 1068 1068 1068 
5 5 5 5 5 5 5 5 5 5 5 5 5 5 304 305 9 7 7 7 1 249 306 310 0 0 0 0 0 0 311 303 249 38 37 37 37 39 249 9 249 9 9 9 240 236 236 236 245 244 270 257 257 260 251 251 251 251 251 251 260 257 257 271 9 1 9 1089 1081 1067 1067 1067 1067 1068 1068 1068 1068 1068 1068 1068 1068 1068 1068 1068 1068 1068 1068 1068 1068 1068 1068 1068 1068 1068 1068 1068 1068 1068 1068 1068 
5 5 5 5 5 5 5 5 5 5 5 5 5 5 306 308 7 7 7 7 7 7 1 306 310 0 0 0 0 0 0 305 9 9 9 9 9 9 9 9 9 9 1 237 248 236 236 236 241 270 260 251 251 251 251 251 251 251 251 251 251 251 251 260 257 257 271 9 1083 1067 1067 1067 1067 1068 1068 1068 1068 1068 1068 1068 1068 1068 1068 1068 1068 1068 1068 1068 1068 1068 1068 1068 1068 1068 1068 1068 1068 1068 1068 1068 
5 5 5 5 5 5 5 5 5 5 5 5 5 1 9 9 7 7 7 7 7 7 9 9 8 8 8 8 8 8 8 8 9 9 9 1 9 9 1 9 9 1 9 240 236 236 236 236 241 250 251 251 251 251 251 251 251 251 251 251 251 251 251 251 251 251 252 9 1083 1067 1067 1067 1067 1068 1068 1068 1068 1068 1068 1068 1068 1068 1068 1068 1068 1068 1068 1068 1068 1068 1068 1068 1068 1068 1068 1068 1068 1068 1068 1068 
5 5 5 5 5 5 5 5 5 5 5 5 5 5 249 1 9 7 7 7 1 9 9 9 304 0 0 0 0 0 0 305 9 9 9 9 9 9 9 9 9 9 9 240 236 236 236 236 241 250 251 251 251 251 251 251 251 251 251 251 251 251 251 251 251 251 252 9 1089 1067 1067 1067 1067 1068 1068 1068 1068 1068 1068 1068 1068 1068 1068 1068 1068 1068 1068 1068 1068 1068 1068 1068 1068 1068 1068 1068 1068 1068 1068 1068 
5 5 5 5 5 5 5 5 5 5 5 5 5 5 1 9 9 25 27 9 9 249 1 301 312 0 0 0 0 0 0 305 9 9 9 9 1 9 9 9 249 9 237 248 236 236 236 236 241 250 251 251 251 251 251 251 251 251 251 251 251 251 251 251 251 251 252 9 9 1067 1067 1067 1067 1068 1068 1068 1068 1068 1068 1068 1068 1068 1068 1068 1068 1068 1068 1068 1068 1068 1068 1068 1068 1068 1068 1068 1068 1068 1068 1068 
5 5 5 5 5 5 5 5 5 5 5 5 9 9 249 9 25 36 35 27 9 9 301 312 0 0 0 0 0 0 309 308 9 9 9 249 9 9 9 9 9 9 240 236 236 236 236 245 244 250 251 251 251 251 251 251 251 251 251 251 251 251 251 251 251 262 256 1 9 1067 1067 1067 1067 1068 1068 1068 1068 1068 1068 1068 1068 1068 1068 1068 1068 1068 1068 1068 1068 1068 1068 1068 1068 1068 1068 1068 1068 1068 1068 1068 
5 5 5 5 5 5 5 5 5 5 5 9 249 9 9 25 36 3 24 29 9 301 312 0 0 0 0 0 0 0 305 9 249 9 9 9 9 9 1 9 9 9 240 236 236 236 245 244 270 260 251 251 251 251 251 251 251 251 251 251 251 251 251 251 262 256 9 9 9 1067 1067 1067 1067 1068 1068 1068 1068 1068 1068 1068 1068 1068 1068 1068 1068 1068 1068 1068 1068 1068 1068 1068 1068 1068 1068 1068 1068 1068 1068 1068 
5 5 5 5 5 5 5 5 5 5 5 1 9 249 25 36 24 24 3 29 301 312 0 0 0 0 0 0 0 0 305 1 9 9 9 9 9 9 9 9 1 9 240 236 236 236 241 270 260 251 251 251 251 251 251 251 251 251 251 251 251 262 258 258 256 9 9 9 1 1067 1067 1067 1067 1068 1068 1068 1068 1068 1068 1068 1068 1068 1068 1068 1068 1068 1068 1068 1068 1068 1068 1068 1068 1068 1068 1068 1068 1068 1068 1068 
5 5 5 5 5 5 5 5 5 5 5 9 9 25 36 24 24 24 33 32 304 0 0 0 0 0 0 0 0 0 305 9 9 9 1 9 9 249 1 9 9 249 242 243 243 243 244 250 251 251 251 251 251 251 251 251 251 251 251 262 258 256 9 1 9 9 5 5 5 1067 1067 1067 1067 1068 1068 1068 1068 1068 1068 1068 1068 1068 1068 1068 1068 1068 1068 1068 1068 1068 1068 1068 1068 1068 1068 1068 1068 1068 1068 1068 
5 5 5 5 5 5 5 5 5 5 5 9 1 30 34 3 24 33 32 9 304 0 0 0 0 0 0 0 0 0 305 9 9 9 9 9 9 9 9 9 9 270 257 257 271 249 9 253 258 258 258 258 258 258 258 258 258 258 258 256 9 9 1 9 5 5 5 5 5 1067 1067 1067 1067 1068 1068 1068 1068 1068 1068 1068 1068 1068 1068 1068 1068 1068 1068 1068 1068 1068 1068 1068 1068 1068 1068 1068 1068 1068 1068 1068 
5 5 5 5 5 5 5 5 5 5 5 9 9 9 30 34 24 29 9 1 306 307 310 0 0 0 0 0 0 0 305 9 9 249 9 9 9 9 9 1 9 253 261 251 260 271 5 5 5 5 5 5 5 5 5 5 5 5 5 5 5 5 5 5 5 5 5 5 5 1067 1067 1067 1071 1078 1068 1068 1068 1068 1068 1068 1068 1068 1068 1068 1068 1068 1068 1068 1068 1068 1068 1068 1068 1068 1068 1068 1068 1068 1068 1068 
5 5 5 5 5 5 5 5 5 5 5 1 414 9 9 30 31 32 1 9 9 414 306 310 300 300 300 300 300 309 308 1 9 9 9 9 9 9 9 9 249 9 253 258 261 252 5 5 5 5 5 5 5 5 5 5 5 5 5 5 5 5 5 5 5 5 5 5 5 1067 1067 1071 1078 1071 1072 1072 1072 1072 1072 1072 1072 1072 1072 1072 1072 1072 1072 1072 1072 1072 1072 1072 1072 1072 1072 1072 1072 1072 1072 1072 
5 5 5 5 5 5 5 5 5 5 5 9 413 9 1 9 9 9 9 9 1 413 9 306 307 310 0 0 309 308 9 9 9 1 9 1 5 5 5 5 237 238 238 239 253 256 5 5 5 5 5 5 5 5 5 5 5 5 5 5 5 5 5 5 5 5 5 5 1087 1067 1071 1078 1071 1072 1072 1072 1072 1072 1072 1072 1072 1072 1072 1072 1072 1072 1072 1072 1072 1072 1072 1072 1072 1072 1072 1072 1072 1072 1072 1072 
5 5 5 5 5 5 5 5 5 5 5 5 9 9 9 9 1 9 1 9 9 9 1 9 9 306 307 307 308 1 9 9 5 5 5 9 9 9 1 5 240 236 236 247 239 249 5 5 5 5 5 5 5 5 5 5 5 5 5 5 5 5 5 5 5 5 5 5 1083 1074 1078 1071 1072 1072 1072 1072 1072 1072 1072 1072 1072 1072 1072 1072 1072 1072 1072 1072 1072 1072 1072 1072 1072 1072 1072 1072 1072 1072 1072 1072 
5 5 5 5 5 5 5 5 5 5 5 5 5 5 9 9 9 1 9 249 1 5 5 5 5 5 5 5 5 5 5 5 5 5 5 5 1 9 9 9 240 236 236 236 241 5 5 5 5 5 5 5 5 5 5 5 5 5 5 5 5 5 5 5 5 5 5 5 1089 1081 1074 1072 1072 1072 1072 1072 1072 1072 1072 1072 1072 1072 1072 1072 1072 1072 1072 1072 1072 1072 1072 1072 1072 1072 1072 1072 1072 1072 1072 1072 
5 5 5 5 5 5 5 5 5 5 5 5 5 5 5 1 9 9 270 271 9 5 5 5 5 5 5 5 5 5 5 5 5 5 5 5 5 9 9 9 240 236 236 236 241 5 5 5 5 5 5 5 5 5 5 5 5 5 5 5 5 5 5 5 5 5 5 5 5 1089 1080 1080 1090 5 5 5 5 5 5 5 5 5 5 5 5 5 5 5 5 5 5 5 5 5 5 5 5 5 5 5 
5 5 5 5 5 5 5 5 5 5 5 5 5 5 5 5 5 249 253 256 5 5 5 5 5 5 5 5 5 5 5 5 5 5 5 5 5 9 1 237 248 236 236 245 244 5 5 5 5 5 5 5 5 5 5 5 5 5 5 5 5 5 5 5 5 5 5 5 5 5 5 5 5 5 5 5 5 5 5 5 5 5 5 5 5 5 5 5 5 5 5 5 5 5 5 5 5 5 5 5 
5 5 5 5 5 5 5 5 5 5 5 5 5 5 5 5 5 5 237 239 5 5 5 5 5 5 5 5 5 5 5 5 5 5 5 5 5 5 5 242 243 243 243 244 5 5 5 5 5 5 5 5 5 5 5 5 5 5 5 5 5 5 5 5 5 5 5 5 5 5 5 5 5 5 5 5 5 5 5 5 5 5 5 5 5 5 5 5 5 5 5 5 5 5 5 5 5 5 5 5 
5 5 5 5 5 5 5 5 5 5 5 5 5 5 5 5 5 237 248 247 238 239 5 5 5 5 5 5 5 5 5 5 5 5 5 5 5 5 270 257 257 257 257 271 5 5 5 5 5 5 5 5 5 5 5 5 5 5 5 5 5 5 5 5 5 5 5 5 5 5 5 5 5 5 5 5 5 5 5 5 5 5 5 5 5 5 5 5 5 5 5 5 5 5 5 5 5 5 5 5 
5 5 5 5 5 5 5 5 5 5 5 5 5 5 5 5 237 248 236 236 236 247 238 239 5 5 5 5 5 5 5 5 237 238 239 5 5 5 253 261 251 251 262 256 5 5 5 5 5 5 5 5 5 5 5 5 5 5 5 5 5 5 5 5 5 5 5 5 5 5 5 5 5 5 5 5 5 5 5 5 5 5 5 5 5 5 5 5 5 5 5 5 5 5 5 5 5 5 5 5 
5 5 5 5 5 5 5 5 5 5 5 5 5 5 5 5 240 236 236 236 236 236 236 247 238 238 238 238 239 5 5 237 248 236 247 238 238 238 239 253 258 258 256 5 5 5 5 5 5 5 5 5 5 5 5 5 5 5 5 5 5 5 5 5 5 5 5 5 5 5 5 5 5 5 5 5 5 5 5 5 5 5 5 5 5 5 5 5 5 5 5 5 5 5 5 5 5 5 5 5 
5 5 5 5 5 5 5 5 5 5 5 5 5 5 5 5 242 246 236 236 236 236 236 236 236 236 236 236 247 238 238 248 236 236 236 236 236 236 247 238 238 238 239 5 5 5 5 5 5 5 5 5 5 5 5 5 5 5 5 5 5 5 5 5 5 5 5 5 5 5 5 5 5 5 5 5 5 5 5 5 5 5 5 5 5 5 5 5 5 5 5 5 5 5 5 5 5 5 5 5 
5 5 5 5 5 5 5 5 5 5 5 5 5 5 5 5 5 240 236 236 236 236 236 236 236 236 236 236 236 236 236 236 236 236 236 236 236 236 236 236 236 236 241 5 5 5 5 5 5 5 5 5 5 5 5 5 5 5 5 5 5 5 5 5 5 5 5 5 5 5 5 5 5 5 5 5 5 5 5 5 5 5 5 5 5 5 5 5 5 5 5 5 5 5 5 5 5 5 5 5 
5 5 5 5 5 5 5 5 5 5 5 5 5 5 5 5 5 242 243 246 236 236 236 236 236 236 236 236 236 236 236 236 236 236 236 236 236 236 236 236 236 245 244 5 5 5 5 5 5 5 5 5 5 5 5 5 5 5 5 5 5 5 5 5 5 5 5 5 5 5 5 5 5 5 5 5 5 5 5 5 5 5 5 5 5 5 5 5 5 5 5 5 5 5 5 5 5 5 5 5 
5 5 5 5 5 5 5 5 5 5 5 5 5 5 5 5 5 5 5 242 246 236 236 236 236 236 236 236 236 236 236 236 236 236 236 236 236 236 236 236 245 244 5 5 5 5 5 5 5 5 5 5 5 5 5 5 5 5 5 5 5 5 5 5 5 5 5 5 5 5 5 5 5 5 5 5 5 5 5 5 5 5 5 5 5 5 5 5 5 5 5 5 5 5 5 5 5 5 5 5 
5 5 5 5 5 5 5 5 5 5 5 5 5 5 5 5 5 5 5 5 242 246 236 236 236 236 236 236 236 236 236 236 236 236 236 236 236 236 236 245 244 5 5 5 5 5 5 5 5 5 5 5 5 5 5 5 5 5 5 5 5 5 5 5 5 5 5 5 5 5 5 5 5 5 5 5 5 5 5 5 5 5 5 5 5 5 5 5 5 5 5 5 5 5 5 5 5 5 5 5 
