5 5 5 5 5 5 5 5 5 5 5 5 5 5 5 5 5 5 5 5 5 5 5 5 5 5 5 5 5 5 5 5 5 5 5 5 5 5 5 5 5 5 5 5 5 5 5 5 5 5 5 5 5 5 5 5 5 5 5 5 5 5 5 5 5 5 5 5 5 5 5 5 5 5 5 5 5 5 5 5 5 5 5 5 5 5 5 5 5 5 5 5 5 5 5 5 5 5 5 5 
5 5 5 5 5 5 5 5 5 5 5 5 5 5 5 5 5 5 5 5 5 5 5 5 5 5 5 5 5 5 5 5 5 5 5 5 5 5 5 5 5 5 5 5 5 5 5 5 5 5 5 5 5 5 5 5 5 5 5 5 5 5 5 5 5 5 5 5 5 5 5 5 5 5 5 5 5 5 5 5 5 5 5 5 5 5 5 5 5 5 5 5 5 5 5 5 5 5 5 5 
5 5 5 5 5 5 5 5 5 5 5 5 5 5 5 5 5 5 5 5 5 5 5 5 5 5 5 5 5 5 5 5 5 5 5 5 5 5 5 5 5 5 5 5 5 5 5 5 5 5 5 5 5 5 5 5 5 5 5 5 5 5 5 5 5 5 5 5 5 5 5 5 5 5 5 5 5 5 5 5 5 5 5 5 5 5 5 5 5 5 5 5 5 5 5 5 5 5 5 5 
5 5 5 5 5 5 5 5 5 5 5 5 5 5 5 5 5 5 5 5 5 5 5 5 5 5 5 5 5 5 5 5 5 5 5 5 5 5 5 5 5 5 5 5 5 5 5 5 5 5 5 5 5 5 5 5 5 5 5 5 5 5 5 5 5 5 5 5 5 5 5 5 5 5 5 5 5 5 5 5 5 5 5 5 5 5 5 5 5 5 5 5 5 5 5 5 5 5 5 5 
5 5 5 5 5 5 5 5 5 5 5 5 5 5 5 5 5 5 5 5 5 5 5 5 5 5 5 5 5 5 5 5 5 5 5 5 5 5 5 5 5 5 5 5 5 5 5 5 5 5 5 5 5 5 5 5 5 5 5 5 5 5 5 5 5 5 5 5 5 5 5 5 5 5 5 5 5 5 5 5 5 5 5 5 5 5 5 5 5 5 5 5 5 5 5 5 5 5 5 5 
5 5 5 5 5 5 5 5 5 5 5 5 5 5 5 5 5 5 5 5 5 5 5 5 5 5 5 5 5 5 5 5 5 5 5 5 5 5 5 5 5 5 5 5 5 5 5 5 5 5 5 5 5 5 5 5 5 5 5 5 5 5 5 5 5 5 5 5 5 5 5 5 5 5 5 5 5 5 5 5 5 5 5 5 5 5 5 5 5 5 5 5 5 5 5 5 5 5 5 5 
5 5 5 5 5 5 5 5 5 5 5 5 5 5 5 5 5 5 5 5 5 5 5 5 5 5 5 5 5 5 5 5 5 5 5 5 5 5 5 5 5 5 5 5 5 5 5 5 5 5 5 5 5 5 5 5 5 5 5 5 5 5 5 5 5 5 5 5 5 5 5 5 5 5 5 5 5 5 5 5 5 5 5 5 5 5 5 5 5 5 5 5 5 5 5 5 5 5 5 5 
5 5 5 5 5 5 5 5 5 5 5 5 5 5 5 5 5 5 5 5 5 5 5 5 5 5 5 5 5 5 5 5 5 5 5 5 5 5 5 5 5 5 5 5 5 5 5 5 5 5 5 5 5 5 5 5 5 5 5 5 5 5 5 5 5 5 5 5 5 5 5 5 5 5 5 5 5 5 5 5 5 5 5 5 5 5 5 5 5 5 5 5 5 5 5 5 5 5 5 5 
5 5 5 5 5 5 5 5 5 5 5 5 5 5 5 5 5 5 5 5 5 5 5 5 5 5 5 5 5 5 5 5 5 5 5 5 5 5 5 5 5 5 5 5 5 5 5 5 5 5 5 5 5 5 5 5 5 5 5 5 5 5 5 5 5 5 5 5 5 5 5 5 5 5 5 5 5 5 5 5 5 5 5 5 5 5 5 5 5 5 5 5 5 5 5 5 5 5 5 5 
5 5 5 5 5 5 5 5 5 5 5 5 5 5 5 5 5 5 5 5 5 5 5 5 5 5 5 5 5 5 5 5 5 5 5 5 5 5 5 5 5 5 5 5 5 5 5 5 5 5 5 5 5 5 5 5 5 5 5 5 5 5 5 5 5 5 5 5 5 5 5 5 5 5 5 5 5 5 5 5 5 5 5 5 5 5 5 5 5 5 5 5 5 5 5 5 5 5 5 5 
5 5 5 5 5 5 5 5 5 5 5 5 5 5 5 5 5 5 5 5 5 5 5 5 5 5 5 5 5 5 5 5 5 5 5 5 5 5 5 5 5 5 5 5 5 5 5 5 5 5 5 5 5 5 5 5 5 5 5 5 5 5 5 5 5 5 5 5 5 5 5 5 5 5 5 5 5 5 5 5 5 5 5 5 5 5 5 5 5 5 5 5 5 5 5 5 5 5 5 5 
5 5 5 5 5 5 5 5 5 5 5 5 5 5 5 5 5 5 5 5 5 5 5 5 5 5 5 5 5 5 5 5 5 5 5 5 5 5 5 5 5 5 5 5 5 5 5 5 5 5 5 5 5 5 5 5 5 5 5 5 5 5 5 5 5 5 5 5 5 5 5 5 5 5 5 5 5 5 5 5 5 5 5 5 5 5 5 5 5 5 5 5 5 5 5 5 5 5 5 5 
5 5 5 5 5 5 5 5 5 5 5 5 5 5 5 5 5 5 5 5 5 5 5 5 5 5 5 5 5 5 5 5 5 5 5 5 5 5 5 5 5 5 5 5 5 5 5 5 5 5 5 5 5 5 5 5 5 5 5 5 5 5 5 5 5 5 5 5 5 5 5 5 5 5 5 5 5 5 5 5 5 5 5 5 5 5 5 5 5 5 5 5 5 5 5 5 5 5 5 5 
5 5 5 5 5 5 5 5 5 5 5 5 5 5 5 5 5 5 5 5 5 5 5 5 5 5 5 5 5 5 5 5 5 5 5 5 5 5 5 5 5 5 5 5 5 5 5 5 5 5 5 5 5 5 5 5 5 5 5 5 5 5 5 5 5 5 5 5 5 5 5 5 5 5 5 5 5 5 5 5 5 5 5 5 5 5 5 5 5 5 5 5 5 5 5 5 5 5 5 5 
5 5 5 5 5 5 5 5 5 5 5 5 5 5 5 5 5 5 5 5 5 5 5 5 5 5 5 5 5 5 5 5 5 5 5 5 5 5 5 5 5 5 5 5 5 5 5 5 5 5 5 5 5 5 5 5 5 5 5 5 5 5 5 5 5 5 5 5 5 5 5 5 5 5 5 5 5 5 5 5 5 5 5 5 5 5 5 5 5 5 5 5 5 5 5 5 5 5 5 5 
5 5 5 5 5 5 5 5 5 5 5 5 5 5 5 5 5 5 5 5 5 5 5 5 5 5 5 5 5 5 5 5 5 5 5 5 5 5 5 5 5 5 5 5 5 5 5 5 5 5 5 5 5 5 5 5 5 5 5 5 5 5 5 5 5 5 5 5 5 5 5 5 5 5 5 5 5 5 5 5 5 5 5 5 5 5 5 5 5 5 5 5 5 5 5 5 5 5 5 5 
5 5 5 5 5 5 5 5 5 5 5 5 5 5 5 5 5 5 5 5 5 5 5 5 5 5 5 5 5 5 5 5 5 5 5 5 5 5 5 5 5 5 5 5 5 5 5 5 5 5 5 5 5 5 5 5 5 5 5 5 5 5 5 5 5 5 5 5 5 5 5 5 5 5 5 5 5 5 5 5 5 5 5 5 5 5 5 5 5 5 5 5 5 5 5 5 5 5 5 5 
5 5 5 5 5 5 5 5 5 5 5 5 5 5 5 5 5 5 5 5 5 5 5 5 5 5 5 5 5 5 5 5 5 5 5 5 5 5 5 5 5 5 5 5 5 5 5 5 5 5 5 5 5 5 5 5 5 5 5 5 5 5 5 5 5 5 5 5 5 5 5 5 5 5 5 5 5 5 5 5 5 5 5 5 5 5 5 5 5 5 5 5 5 5 5 5 5 5 5 5 
5 5 5 5 5 5 5 5 5 5 5 5 5 5 5 5 5 5 5 5 5 5 5 5 5 5 5 5 5 5 5 5 5 5 5 5 5 5 5 5 5 5 5 5 5 5 5 5 5 5 5 5 5 5 5 5 5 5 5 5 5 5 5 5 5 5 5 5 5 5 5 5 5 5 5 5 5 5 5 5 5 5 5 5 5 5 5 5 5 5 5 5 5 5 5 5 5 5 5 5 
5 5 5 5 5 5 5 5 5 5 5 5 5 5 5 5 5 5 5 5 5 5 5 5 5 5 5 5 5 5 5 5 5 5 5 5 5 5 5 5 5 5 5 5 5 5 5 5 5 5 5 5 5 5 5 5 5 5 5 5 5 5 5 5 5 5 5 5 5 5 5 5 5 5 5 5 5 5 5 5 5 5 5 5 5 5 5 5 5 5 5 5 5 5 5 5 5 5 5 5 
5 5 5 5 5 5 5 5 5 5 5 5 5 5 5 5 5 5 5 5 5 5 5 5 5 5 5 5 5 5 5 5 5 5 5 5 5 5 5 5 5 5 5 5 5 5 5 5 5 5 5 5 5 5 5 5 5 5 5 5 5 5 5 5 5 5 5 5 5 5 5 5 5 5 5 5 5 5 5 5 5 5 5 5 5 5 5 5 5 5 5 5 5 5 5 5 5 5 5 5 
5 5 5 5 5 5 5 5 5 5 5 5 5 5 5 5 5 5 5 5 5 5 5 5 5 5 5 5 5 5 5 5 5 5 5 1087 1085 1085 1088 5 5 5 5 5 5 5 5 5 5 5 5 5 5 5 5 5 5 5 5 5 5 5 5 5 5 5 5 5 5 5 5 5 5 5 5 5 5 5 5 5 5 5 5 5 5 5 5 5 5 5 5 5 5 5 5 5 5 5 5 5 
5 5 5 5 5 5 5 5 5 5 5 5 5 5 5 5 5 5 5 5 5 5 5 5 5 5 5 5 5 5 5 5 5 5 1087 1086 1064 1066 1084 1088 5 5 5 5 5 5 5 5 5 5 5 5 5 5 5 5 5 5 5 5 5 5 5 5 5 5 5 5 5 5 5 5 5 5 5 5 5 5 5 5 5 5 5 5 5 5 5 5 5 5 5 5 5 5 5 5 5 5 5 5 
5 5 5 5 5 5 5 5 5 5 5 5 5 5 5 5 5 5 5 5 5 5 5 5 5 5 5 5 5 5 5 5 5 1087 1086 1064 1061 1062 1061 1062 1062 1062 1062 1062 1062 1062 1062 1062 1062 1062 1062 1062 1062 1062 1062 1062 1062 1062 1062 1062 1062 1062 1062 1062 1066 5 5 5 5 5 5 5 5 5 5 5 5 5 5 5 5 5 5 5 5 5 5 5 5 5 5 5 5 5 5 5 5 5 5 5 
5 5 5 5 5 5 5 5 5 5 5 5 5 5 5 5 5 5 5 5 5 5 5 5 5 5 5 5 5 5 5 5 1087 1086 1064 1062 1067 1061 1062 1061 1062 1062 1062 1062 1062 1062 1062 1062 1062 1062 1062 1062 1062 1062 1062 1062 1062 1062 1062 1062 1062 1062 1062 1063 1062 1066 5 5 5 5 5 5 5 5 5 5 5 5 5 5 5 5 5 5 5 5 5 5 5 5 5 5 5 5 5 5 5 5 5 5 
5 5 5 5 5 5 5 5 5 5 5 5 5 5 5 5 5 5 5 5 5 5 5 5 5 5 5 5 5 5 5 1087 1086 1064 1062 1061 1062 1067 1061 1062 1061 1062 1062 1062 1062 1062 1062 1062 1062 1062 1062 1062 1062 1062 1062 1062 1062 1062 1062 1062 1062 1062 1063 1062 1063 1062 1066 5 5 5 5 5 5 5 5 5 5 5 5 5 5 5 5 5 5 5 5 5 5 5 5 5 5 5 5 5 5 5 5 5 
5 5 5 5 5 5 5 5 5 5 5 5 5 5 5 5 5 5 5 5 5 5 5 5 5 5 5 5 5 5 1087 1086 1064 1062 1061 1062 1061 1062 1067 1061 1062 1061 1062 1062 1062 1062 1062 1062 1062 1062 1062 1062 1062 1062 1062 1062 1062 1062 1062 1062 1062 1063 1062 1063 1062 1063 1062 1062 1066 5 5 5 5 5 5 5 5 5 5 5 5 5 5 5 5 5 5 5 5 5 5 5 5 5 5 5 5 5 5 5 
5 5 5 5 5 5 5 5 5 5 5 5 5 5 5 5 5 5 5 5 5 5 5 5 5 5 5 5 5 1087 1086 1064 1062 1061 1062 1061 1062 1061 1062 1067 1061 1062 1061 1062 1062 1062 1062 1062 1062 1062 1062 1062 1062 1062 1062 1062 1062 1062 1062 1062 1063 1062 1063 1062 1063 1062 1062 1063 1062 1066 5 5 5 5 5 5 5 5 5 5 5 5 5 5 5 5 5 5 5 5 5 5 5 5 5 5 5 5 5 5 
5 5 5 5 5 5 5 5 5 5 5 5 5 5 5 5 5 5 5 5 5 5 5 5 5 5 5 5 1087 1086 1064 1062 1061 1062 1061 1062 1061 1062 1061 1062 1067 1061 1062 1061 1062 1062 1062 1062 1062 1062 1062 1062 1062 1062 1062 1062 1062 1062 1062 1063 1062 1063 1062 1063 1062 1062 1063 1062 1063 1062 1066 5 5 5 5 5 5 5 5 5 5 5 5 5 5 5 5 5 5 5 5 5 5 5 5 5 5 5 5 5 
5 5 5 5 5 5 5 5 5 5 5 5 5 5 5 5 5 5 5 5 5 5 5 5 5 5 5 5 5 1064 1062 1061 1062 1061 1062 1061 1062 1061 1062 1061 1062 1067 1061 1062 1061 1062 1062 1062 1062 1062 1062 1062 1062 1062 1062 1062 1062 1062 1063 1062 1063 1062 1063 1062 1062 1063 1062 1063 1062 1063 1062 1066 5 5 5 5 5 5 5 5 5 5 5 5 5 5 5 5 5 5 5 5 5 5 5 5 5 5 5 5 
5 5 5 5 5 5 5 5 5 5 5 5 5 5 5 5 5 5 5 5 5 5 5 5 5 5 5 5 1064 1062 1061 1062 1061 1062 1061 1062 1061 1062 1061 1062 1061 1062 1067 1061 1062 1061 1062 1062 1062 1062 1062 1062 1062 1062 1062 1062 1062 1063 1062 1063 1062 1063 1062 1062 1063 1062 1063 1062 1063 1062 1063 1062 1066 5 5 5 5 5 5 5 5 5 5 5 5 5 5 5 5 5 5 5 5 5 5 5 5 5 5 5 
5 5 5 5 5 5 5 5 5 5 5 5 5 5 5 5 5 5 5 5 5 5 5 5 5 5 5 1064 1062 1061 1062 1061 1062 1061 1062 1061 1062 1061 1062 1061 1062 1061 1062 1067 1061 1062 1061 1062 1062 1062 1062 1062 1062 1062 1062 1062 1063 1062 1063 1062 1063 1062 1062 1063 1062 1063 1062 1063 1062 1063 1062 1063 1062 1066 5 5 5 5 5 5 5 5 5 5 5 5 5 5 5 5 5 5 5 5 5 5 5 5 5 5 
5 5 5 5 5 5 5 5 5 5 5 5 5 5 5 5 5 5 5 5 5 5 5 5 5 5 1064 1062 1061 1062 1061 1062 1061 1062 1061 1062 1061 1062 1061 1062 1061 1062 1061 1062 1067 1061 1062 1061 1062 1062 1062 1062 1062 1062 1062 1063 1062 1063 1062 1063 1062 1062 1063 1062 1063 1062 1063 1062 1063 1062 1063 1062 1063 1062 1066 5 5 5 5 5 5 5 5 5 5 5 5 5 5 5 5 5 5 5 5 5 5 5 5 5 
5 5 5 5 5 5 5 5 5 5 5 5 5 5 5 5 5 5 5 5 5 5 5 5 5 1064 1062 1061 1062 1061 1062 1061 1062 1061 1062 1061 1062 1061 1062 1061 1062 1061 1062 1061 1062 1067 1061 1062 1061 1065 1065 1065 1065 1065 1063 1062 1063 1062 1063 1062 1062 1063 1062 1063 1062 1063 1062 1063 1062 1063 1062 1063 1062 1063 1062 1066 5 5 5 5 5 5 5 5 5 5 5 5 5 5 5 5 5 5 5 5 5 5 5 5 
5 5 5 5 5 5 5 5 5 5 5 5 5 5 5 5 5 5 5 5 5 5 5 5 1064 1062 1061 1062 1061 1062 1061 1062 1061 1062 1061 1062 1061 1062 1061 1062 1061 1062 1061 1062 1061 1062 1067 1061 1065 1064 1065 1065 1065 1066 1065 1063 1062 1063 1062 1062 1063 1062 1063 1062 1063 1062 1063 1062 1063 1062 1063 1062 1063 1062 1063 1062 1066 5 5 5 5 5 5 5 5 5 5 5 5 5 5 5 5 5 5 5 5 5 5 5 
5 5 5 5 5 5 5 5 5 5 5 5 5 5 5 5 5 5 5 5 5 5 1064 1062 1062 1061 1062 1061 1062 1061 1062 1061 1062 1061 1062 1061 1062 1061 1062 1061 1062 1061 1062 1061 1062 1061 1065 1067 1069 1067 1069 1069 1069 1070 1069 1065 1063 1062 1062 1063 1062 1063 1062 1063 1062 1063 1062 1063 1062 1063 1062 1063 1062 1063 1062 1063 1062 1066 5 5 5 5 5 5 5 5 5 5 5 5 5 5 5 5 5 5 5 5 5 5 
5 5 5 5 5 5 5 5 5 5 5 5 5 5 5 5 5 1064 1062 1062 1061 1062 1062 1061 1062 1062 1061 1062 1061 1062 1061 1062 1061 1062 1061 1062 1061 1062 1061 1062 1061 1062 1061 1062 1061 1065 1064 1065 1064 1065 1069 1136 1069 1065 1066 1069 1065 1065 1063 1062 1063 1062 1063 1062 1063 1062 1063 1062 1063 1062 1063 1062 1063 1062 1063 1062 1063 1062 1066 5 5 5 5 5 5 5 5 5 5 5 5 5 5 5 5 5 5 5 5 5 
5 5 5 5 5 5 5 5 5 5 5 5 5 5 5 5 1064 1062 1061 1062 1062 1061 1062 1062 1061 1062 1062 1061 1062 1061 1062 1061 1062 1061 1062 1061 1062 1061 1062 1061 1062 1061 1062 1061 1065 1064 1065 1069 1067 1069 1069 1069 1069 1069 1070 1080 1080 1081 1065 1063 1062 1063 1062 1063 1062 1063 1062 1063 1062 1063 1062 1063 1062 1063 1062 1063 1062 1063 1062 1066 5 5 5 5 5 5 5 5 5 5 5 5 5 5 5 5 5 5 5 5 
5 5 5 5 5 5 5 5 5 5 5 5 5 5 5 5 1067 1061 1062 1061 1062 1062 1061 1062 1062 1061 1062 1062 1061 1062 1061 1062 1061 1062 1061 1062 1061 1062 1061 1062 1061 1062 1061 1065 1064 1065 1079 1080 1067 1069 1069 1069 1069 1069 1070 9 9 1089 1081 1065 1063 1062 1063 1062 1063 1062 1063 1062 1063 1062 1063 1062 1063 1062 1063 1062 1063 1062 1063 1062 1062 1066 5 5 5 5 5 5 5 5 5 5 5 5 5 5 5 5 5 5 
5 5 5 5 5 5 5 5 5 5 5 5 5 5 5 5 1067 1067 1061 1062 1061 1062 1062 1061 1062 1062 1061 1062 1062 1061 1062 1061 1062 1061 1062 1061 1062 1061 1062 1061 1062 1061 1065 1064 1065 1079 1090 9 1067 1069 1069 1069 1069 1069 1070 9 9 139 1089 1081 1065 1063 1062 1063 1062 1063 1062 1063 1062 1063 1062 1063 1062 1063 1062 1063 1062 1063 1062 1062 1063 1062 1062 1063 1062 1062 1062 1066 5 5 5 5 5 5 5 5 5 5 5 5 
5 5 5 5 5 5 5 5 5 5 5 5 5 5 1064 1062 1067 1067 1067 1061 1062 1061 1062 1062 1061 1062 1062 1061 1062 1062 1061 1062 1061 1062 1061 1062 1061 1062 1061 1062 1061 1065 1064 1065 1079 1090 9 1 1067 1069 1069 1069 1069 1069 1070 1 9 5 9 1089 1081 1065 1063 1062 1063 1062 1063 1062 1063 1062 1063 1062 1063 1062 1063 1062 1063 1062 1062 1063 1062 1062 1063 1062 1062 1062 1063 1070 5 5 5 5 5 5 5 5 5 5 5 5 
5 5 5 5 5 5 5 5 5 5 5 5 5 5 1067 1061 1062 1067 1067 1067 1061 1062 1061 1062 1062 1061 1062 1062 1061 1062 1062 1061 1062 1061 1062 1061 1062 1061 1062 1061 1065 1064 1065 1079 1090 1 9 9 1067 1069 1069 1069 1069 1069 1070 9 9 9 9 1 1089 1081 1065 1063 1062 1063 1062 1063 1062 1063 1062 1063 1062 1063 1062 1063 1062 1062 1063 1062 1062 1063 1062 1062 1062 1063 1070 1070 5 5 5 5 5 5 5 5 5 5 5 5 
5 5 5 5 5 5 5 5 5 5 5 5 1064 1062 1067 1067 1061 1062 1067 1067 1067 1061 1062 1061 1062 1062 1061 1062 1062 1061 1062 1062 1061 1062 1061 1062 1061 1062 1061 1065 1064 1065 1079 1090 9 9 9 9 1067 1069 1069 1069 1069 1069 1070 9 9 139 139 9 9 1089 1081 1065 1063 1062 1063 1062 1063 1062 1063 1062 1063 1062 1063 1062 1062 1063 1062 1062 1063 1062 1062 1062 1063 1070 1070 1070 5 5 5 5 5 5 5 5 5 5 5 5 
5 5 5 5 5 5 5 5 5 5 5 5 1067 1061 1062 1067 1067 1061 1062 1067 1067 1067 1061 1062 1061 1062 1062 1061 1062 1062 1061 1062 1062 1061 1062 1061 1062 1061 1065 1064 1065 1079 1090 9 9 140 9 9 1067 1069 1069 1069 1069 1069 1070 9 1 9 9 9 9 9 1089 1081 1065 1063 1062 1063 1062 1063 1062 1063 1062 1063 1062 1062 1063 1062 1062 1063 1062 1062 1062 1063 1070 1070 1070 1070 5 5 5 5 5 5 5 5 5 5 5 5 
5 5 5 5 5 5 5 5 5 5 5 5 1067 1067 1061 1062 1067 1067 1061 1062 1067 1067 1067 1061 1062 1061 1062 1062 1061 1062 1062 1061 1062 1062 1061 1062 1061 1065 1064 1065 1079 1090 9 9 9 142 1 9 1067 1069 1069 1069 1069 1069 1070 9 9 5 9 1 9 9 9 1089 1081 1065 1063 1062 1063 1062 1063 1062 1063 1062 1062 1063 1062 1062 1063 1062 1062 1062 1063 1070 1070 1070 1070 1062 1066 5 5 5 5 5 5 5 5 5 5 5 
5 5 5 5 5 5 5 5 5 5 5 5 1067 1067 1067 1061 1062 1067 1067 1061 1062 1067 1067 1067 1061 1062 1061 1062 1062 1061 1062 1062 1061 1062 1062 1061 1065 1064 1065 1079 1090 9 9 1 9 9 9 9 1067 1069 1069 1069 1069 1069 1070 9 5 5 9 9 9 139 139 9 1089 1081 1065 1063 1062 1063 1062 1063 1062 1062 1063 1062 1062 1063 1062 1062 1062 1063 1070 1070 1070 1070 1062 1063 1062 1066 5 5 5 5 5 5 5 5 5 5 
5 5 5 5 5 5 5 5 5 5 5 5 1067 1067 1067 1067 1061 1062 1067 1067 1061 1062 1067 1067 1067 1061 1062 1061 1062 1062 1061 1062 1062 1061 1065 1065 1064 1065 1079 1090 9 9 9 9 139 139 141 9 1067 1069 1069 1069 1069 1069 1070 9 9 9 9 9 9 9 9 9 9 1089 1081 1065 1063 1062 1063 1062 1062 1063 1062 1062 1063 1062 1062 1062 1063 1070 1070 1070 1070 1062 1063 1062 1063 1070 5 5 5 5 5 5 5 5 5 5 
5 5 5 5 5 5 5 5 5 5 5 5 1067 1067 1067 1067 1067 1061 1062 1067 1067 1061 1062 1067 1067 1067 1061 1062 1061 1062 1062 1061 1065 1065 1064 1065 1065 1079 1090 9 1 9 9 9 9 9 145 9 1067 1069 1069 1069 1069 1069 1070 9 1 9 9 5 9 9 1 9 9 9 1089 1081 1065 1063 1062 1062 1063 1062 1062 1063 1062 1062 1062 1063 1070 1070 1070 1070 1062 1063 1062 1063 1070 1070 5 5 5 5 5 5 5 5 5 5 
5 5 5 5 5 5 5 5 5 5 5 5 1067 1067 1067 1067 1067 1067 1061 1062 1067 1067 1061 1062 1067 1067 1067 1061 1062 1061 1065 1065 1064 1065 1065 1079 1080 1090 9 1087 1085 1085 1085 1085 1085 1088 1 9 1067 1076 1069 1069 1069 1076 1070 9 9 9 139 139 139 9 9 9 5 9 9 1089 1081 1065 1065 1063 1062 1062 1063 1062 1062 1062 1063 1070 1070 1070 1070 1062 1063 1062 1063 1070 1070 1070 5 5 5 5 5 5 5 5 5 5 
5 5 5 5 5 5 5 5 5 5 5 5 1067 1067 1067 1067 1067 1067 1067 1061 1062 1067 1067 1061 1062 1067 1067 1067 1061 1065 1064 1065 1069 1069 1079 1090 9 9 1087 1086 1064 1065 1065 1066 1069 1084 1085 1085 1067 1069 1076 1069 1076 1069 1070 1088 9 9 1 9 9 9 9 5 9 9 1 9 1089 1081 1076 1065 1063 1068 1062 1062 1062 1063 1070 1070 1070 1070 1062 1063 1062 1063 1070 1070 1070 1070 5 5 5 5 5 5 5 5 5 5 
5 5 5 5 5 5 5 5 5 5 5 5 1067 1067 1067 1067 1067 1067 1067 1067 1061 1062 1067 1067 1061 1062 1067 1067 1067 1069 1067 1069 1069 1069 1082 9 9 1 1083 1064 1065 1069 1076 1069 1065 1066 1069 1069 1074 1078 1069 1069 1069 1077 1075 1082 9 9 9 9 9 9 1 9 9 9 9 9 5 1083 1069 1069 1070 1062 1062 1062 1063 1070 1070 1070 1070 1062 1063 1062 1063 1070 1070 1070 1070 1070 5 5 5 5 5 5 5 5 5 5 
5 5 5 5 5 5 5 5 5 5 5 5 1067 1067 1067 1067 1067 1067 1067 1067 1067 1061 1062 1067 1067 1061 1062 1067 1067 1069 1067 1076 1069 1069 1082 9 9 9 1083 1074 1078 1069 1069 1069 1069 1070 1079 1080 1081 1067 1069 1069 1069 1070 1079 1090 9 434 435 435 435 436 9 9 49 50 50 51 9 1089 1080 1081 1065 1065 1065 1063 1070 1070 1070 1070 1062 1063 1062 1063 1070 1070 1070 1070 1070 1070 5 5 5 5 5 5 5 5 5 5 
5 5 5 5 5 5 5 5 5 5 5 5 1067 1067 1067 1067 1067 1067 1067 1067 1067 1067 1061 1062 1067 1067 1061 1062 1067 1069 1074 1078 1069 1069 1084 1088 1 9 1089 1081 1067 1076 1069 1069 1069 1070 1082 9 1083 1074 254 255 255 1075 1082 9 1 437 438 438 439 440 9 1 52 53 54 55 9 5 9 1089 1080 1081 1076 1070 1070 1070 1070 1062 1063 1062 1063 1070 1070 1070 1070 1070 1070 1070 5 5 5 5 5 5 5 5 5 5 
5 5 5 5 5 5 5 5 5 5 5 5 1067 1067 1067 1067 1067 1067 1067 1067 1067 1067 1067 1061 1062 1067 1067 1061 1065 1069 1076 1074 1078 1069 1076 1084 1088 9 9 1083 1074 1078 1069 1069 1077 1075 1082 1 1089 1080 1080 1080 1080 1080 1090 9 9 441 442 443 444 445 9 9 56 57 58 59 9 9 9 9 9 1089 1081 1070 1070 1070 1062 1063 1062 1063 1070 1070 1070 1070 1070 1070 1070 1070 5 5 5 5 5 5 5 5 5 5 
5 5 5 5 5 5 5 5 5 5 5 5 1067 1067 1067 1067 1067 1067 1067 1067 1067 1067 1067 1067 1061 1062 1067 1067 1069 1069 1069 1069 1067 1069 1069 1069 1084 1085 1085 1086 1069 1074 254 255 1075 1079 1090 9 9 9 9 9 9 1 9 9 9 9 9 20 11 21 9 9 20 11 21 9 1 9 9 9 141 9 1083 1070 1070 1062 1063 1062 1063 1070 1070 1070 1070 1070 1070 1070 1070 1070 5 5 5 5 5 5 5 5 5 5 
5 5 5 5 5 5 5 5 5 5 5 5 1067 1067 1067 1067 1067 1067 1067 1067 1067 1067 1067 1067 1067 1061 1062 1067 1069 1069 1069 1069 1074 1078 1069 1069 1069 1069 1069 1069 1079 1080 1080 1080 1080 1090 9 9 9 1 1087 1085 1088 9 9 9 854 855 856 855 856 855 856 855 856 855 856 855 856 857 9 9 144 9 1083 1070 1065 1063 1062 1063 1070 1070 1070 1070 1070 1070 1070 1070 1070 1070 5 5 5 5 5 5 5 5 5 5 
5 5 5 5 5 5 5 5 5 5 5 5 1067 1067 1067 1067 1067 1067 1067 1067 1067 1067 1067 1067 1067 1067 1061 1065 1069 1069 1069 1069 1069 1074 1072 1078 1069 1069 1069 1069 1082 9 9 9 9 9 1 9 9 1087 1086 1069 1084 1088 9 9 858 859 860 859 860 859 860 859 860 859 860 859 860 861 1 9 144 9 1083 1070 1069 1065 1063 1070 1070 1070 1070 1070 1070 1070 1070 1070 1070 1070 5 5 5 5 5 5 5 5 5 5 
5 5 5 5 5 5 5 5 5 5 5 5 1067 1067 1067 1067 1067 1067 1067 1067 1067 1067 1067 1067 1067 1067 1067 1069 1076 1069 1069 1069 1069 1069 1069 1074 1078 1069 1069 1069 1082 9 9 1 9 9 9 9 9 1083 1069 1069 1069 1082 9 1 862 863 864 863 864 863 864 863 864 863 864 863 864 865 9 9 144 1 1083 1070 1069 1069 1070 1070 1070 1070 1070 1070 1070 1070 1070 1070 1070 1070 1085 1088 5 5 5 5 5 5 5 5 
5 5 5 5 5 5 5 5 5 5 1064 1062 1062 1067 1067 1067 1067 1067 1067 1067 1067 1067 1067 1067 1067 1067 1067 1069 1069 1069 1064 1062 1062 1066 1069 1069 1074 1072 1078 1069 1082 9 9 139 139 9 9 9 9 1083 1069 1069 1069 1082 9 9 858 859 860 859 860 859 860 859 860 859 860 859 860 861 9 9 144 9 1083 1070 1069 1076 1070 1070 1070 1070 1070 1070 1070 1070 1070 1070 1070 1062 1066 1082 5 5 5 5 5 5 5 5 
5 5 5 5 5 5 5 5 5 5 1067 1061 1062 1062 1067 1067 1067 1067 1067 1067 1067 1067 1067 1067 1067 1067 1067 1069 1069 1064 1062 1068 1068 1062 1066 1069 1069 1069 1067 1069 1082 1 9 9 9 139 9 1 9 1089 1081 1069 1079 1090 9 9 866 867 868 867 868 867 868 867 868 867 868 867 868 869 9 9 145 9 1083 1070 1069 1069 1070 1070 1070 1070 1070 1070 1070 1070 1070 1070 1062 1063 1070 1084 1088 5 5 5 5 5 5 5 
5 5 5 5 5 5 5 5 5 5 1067 1067 1061 1062 1062 1067 1067 1067 1067 1067 1067 1067 1067 1067 1067 1067 1067 1069 1069 1067 1068 1068 1068 1068 1070 1069 1069 1069 1067 1069 1082 9 9 9 9 9 9 9 9 9 1083 1069 1082 9 1 9 9 9 9 1 9 9 9 9 9 9 1 9 9 9 9 9 1 9 1083 1070 1069 1069 1070 1070 1070 1070 1070 1070 1070 1070 1070 1062 1063 1070 1062 1066 1082 5 5 5 5 5 5 5 
5 5 5 5 5 5 5 5 5 1064 1062 1067 1067 1061 1062 1062 1067 1067 1067 1067 1067 1067 1067 1067 1067 1067 1067 1069 1069 1067 1077 1072 1078 1077 1075 1069 1069 1064 1065 1069 1082 9 1 9 9 1 9 9 9 1087 1086 1069 1084 1088 9 9 9 9 9 9 5 9 9 1 9 49 50 50 51 9 9 141 9 1087 1086 1070 1076 1069 1070 1070 1070 1070 1070 1070 1070 1070 1062 1063 1070 1062 1063 1070 1082 5 5 5 5 5 5 5 
5 5 5 5 5 5 5 5 5 1067 1061 1062 1067 1067 1061 1062 1062 1067 1067 1067 1067 1067 1067 1067 1067 1067 1067 1069 1069 1074 1075 1069 1074 1075 1069 1069 1069 1067 1069 1069 1082 9 9 140 9 9 9 141 9 1083 1069 1069 1069 1082 9 140 9 1 9 141 9 9 9 9 9 52 53 54 55 1 9 144 9 1083 1077 1075 1069 1069 1070 1070 1070 1070 1070 1070 1070 1062 1063 1070 1062 1063 1070 1070 1090 5 5 5 5 5 5 5 
5 5 5 5 5 5 5 5 5 1067 1067 1061 1062 1067 1067 1061 1062 1062 1067 1067 1067 1067 1067 1067 1067 1067 1067 1069 1069 1069 1069 1069 1069 1064 1065 1065 1065 1065 1069 1079 1090 9 9 143 9 9 1 144 1 1083 1069 1069 1069 1082 9 143 249 9 9 144 1087 1085 1085 1088 9 56 57 58 59 9 9 144 9 1083 1070 1069 1069 1069 1070 1070 1070 1070 1070 1070 1062 1063 1070 1062 1063 1070 1070 1070 5 5 5 5 5 5 5 5 
5 5 5 5 5 5 5 5 5 1067 1067 1067 1061 1062 1067 1067 1061 1062 1062 1067 1067 1067 1067 1067 1067 1067 1067 1076 1069 1069 1069 1069 1064 1065 1069 1069 1069 1069 1069 1082 9 1 9 143 9 249 9 144 9 1089 1081 1069 1079 1090 9 143 9 9 249 144 1083 1069 1076 1082 9 20 11 21 9 9 1 144 1087 1086 1070 1069 1069 1069 1070 1070 1070 1070 1070 1062 1063 1070 1062 1063 1070 1070 1070 1070 5 5 5 5 5 5 5 5 
5 5 5 5 5 5 5 5 5 1067 1067 1067 1067 1061 1062 1067 1067 1061 1062 1062 1067 1067 1067 1067 1067 1067 1067 1076 1069 1069 1069 1069 1067 1069 1069 1076 1069 1069 1079 1090 9 9 9 143 249 1 9 144 9 9 1083 1069 1082 9 1 143 9 249 1 144 1089 1081 1069 1082 9 1087 1085 1088 9 9 9 144 1083 1069 1070 1069 1069 1069 1070 1070 1070 1070 1062 1063 1070 1062 1063 1070 1070 1070 1070 1070 5 5 5 5 5 5 5 5 
5 5 5 5 5 5 5 5 5 1067 1067 1067 1067 1067 1061 1062 1067 1067 1061 1062 1062 1067 1067 1067 1067 1067 1067 1069 1069 1069 1069 1069 1067 1069 1069 1069 1069 1079 1090 9 9 9 9 142 139 139 139 145 9 1087 1086 1069 1084 1088 9 142 139 139 139 145 9 1089 1080 1090 1 1083 1069 1082 1 9 9 144 1083 1069 1070 1076 1069 1069 1070 1070 1070 1062 1063 1070 1062 1063 1070 1070 1070 1070 1070 1070 5 5 5 5 5 5 5 5 
5 5 5 5 5 5 5 5 5 1067 1067 1067 1067 1067 1067 1061 1062 1067 1067 1061 1062 1062 1067 1067 1067 1067 1067 1069 1069 1069 1069 1064 1065 1069 1069 1069 1079 1090 9 9 9 1 9 9 9 9 9 9 9 1083 1069 1069 1069 1082 9 9 9 9 9 1 9 9 9 9 9 1083 1069 1082 9 9 9 144 1083 1069 1070 1069 1069 1069 1070 1070 1062 1063 1070 1062 1063 1070 1070 1070 1070 1070 1070 1070 5 5 5 5 5 5 5 5 
5 5 5 5 5 5 5 5 5 1067 1067 1067 1067 1067 1067 1067 1061 1062 1067 1067 1061 1062 1062 1067 1067 1067 1067 1069 1076 1069 1069 1067 1069 1069 1069 1079 1090 9 9 9 9 9 9 9 9 9 9 22 9 1083 1069 1069 1069 1082 9 9 62 63 64 65 66 1 9 9 9 1083 1069 1082 9 9 9 144 1089 1081 1070 1069 1069 1069 1070 1062 1063 1070 1062 1063 1070 1070 1070 1070 1070 1070 1070 1070 5 5 5 5 5 5 5 5 
5 5 5 5 5 5 5 5 5 1067 1067 1067 1067 1067 1067 1067 1067 1061 1062 1067 1067 1061 1062 1062 1067 1067 1067 1069 1069 1069 1069 1067 1069 1069 1079 1090 9 9 1 5 9 9 82 83 84 85 1 9 22 1089 1081 1069 1079 1090 22 9 67 68 69 70 71 9 9 9 9 1083 1069 1082 9 1 9 144 9 1083 1065 1066 1069 1069 1065 1063 1070 1062 1063 1070 1070 1070 1070 1070 1070 1070 1070 1070 5 5 5 5 5 5 5 5 
5 5 5 5 5 5 5 5 5 1067 1067 1067 1067 1067 1067 1067 1067 1067 1061 1062 1067 1067 1061 1062 1062 1067 1067 1069 1069 1069 1064 1065 1069 1069 1082 9 9 9 5 9 9 9 86 87 88 89 9 9 9 9 1083 1069 1082 9 9 1 72 73 74 75 76 9 5 1 9 1083 1069 1082 9 9 9 144 9 1089 1081 1070 1069 1076 1069 1070 1062 1063 1070 1070 1070 1070 1070 1070 1070 1070 1070 1070 5 5 5 5 5 5 5 5 
5 5 5 5 5 5 5 5 5 1067 1067 1067 1067 1067 1067 1067 1067 1067 1067 1061 1062 1067 1067 1061 1062 1062 1067 1069 1069 1069 1067 1069 1069 1079 1090 9 1 9 9 9 1 9 90 91 92 93 9 22 1 9 1083 1069 1082 9 22 9 77 78 79 80 81 9 9 9 9 1083 1069 1082 9 9 9 144 5 9 1083 1065 1066 1069 1069 1065 1063 1070 1070 1070 1070 1070 1070 1070 1070 1070 1070 1070 5 5 5 5 5 5 5 5 
5 5 5 5 5 5 5 5 5 1067 1067 1067 1067 1067 1067 1067 1067 1067 1067 1067 1061 1062 1067 1067 1061 1065 1065 1064 1065 1065 1065 1069 1079 1090 9 9 9 9 9 9 9 9 9 20 11 21 9 22 9 9 1083 1069 1082 1 9 9 9 20 11 21 9 1 9 9 9 1083 1069 1082 9 9 9 144 9 9 1083 1069 1070 1069 1069 1069 1070 1070 1070 1070 1070 1070 1070 1070 1070 1070 1070 1070 5 5 5 5 5 5 5 5 
5 5 5 5 5 5 5 5 5 1067 1067 1067 1067 1067 1067 1067 1067 1067 1067 1067 1067 1061 1062 1067 1067 1069 1064 1065 1069 1069 1069 1079 1090 9 9 140 9 9 1087 1085 1085 1085 1085 1085 1085 1085 1085 1085 1085 1085 1086 1069 1084 1085 1085 1085 1085 1085 1085 1085 1085 1085 1085 1085 1085 1086 1069 1082 9 9 1 144 9 5 1089 1081 1065 1066 1069 1069 1070 1070 1070 1070 1070 1070 1070 1070 1070 1070 1070 1070 5 5 5 5 5 5 5 5 
5 5 5 5 5 5 5 5 5 1067 1067 1067 1067 1067 1067 1067 1067 1067 1067 1067 1067 1067 1061 1062 1067 1064 1065 1069 1076 1069 1079 1090 9 9 9 143 1 9 1083 1069 1069 1069 1069 1069 1069 1069 1069 1069 1069 1069 1069 1069 1069 1069 1069 1069 1069 1069 1069 1069 1069 1069 1069 1069 1069 1069 1069 1082 9 9 9 144 5 9 9 1083 1069 1065 1066 1069 1070 1070 1070 1070 1070 1070 1070 1070 1070 1070 1070 1070 5 5 5 5 5 5 5 5 
5 5 5 5 5 5 5 5 5 1067 1067 1067 1067 1067 1067 1067 1067 1067 1067 1067 1067 1067 1067 1061 1062 1067 1076 1069 1069 1079 1090 9 9 9 9 142 9 9 1083 1069 1079 1080 1080 1080 1080 1080 1080 1080 1080 1080 1081 1069 1079 1080 1080 1080 1080 1080 1080 1080 1080 1080 1080 1080 1080 1080 1080 1090 1 9 9 144 9 9 9 1083 1069 1069 1070 1069 1070 1070 1070 1070 1070 1070 1070 1070 1070 1070 1070 1070 5 5 5 5 5 5 5 5 
5 5 5 5 5 5 5 5 5 1067 1067 1067 1067 1067 1067 1067 1067 1067 1067 1067 1067 1067 1067 1067 1068 1067 1069 1069 1079 1090 9 9 9 1 9 9 9 9 1083 1069 1082 9 9 9 9 9 9 9 9 9 1083 1069 1082 9 9 9 9 9 9 9 9 9 9 9 9 1 9 9 9 9 1 144 9 9 1087 1086 1069 1069 1070 1069 1070 1070 1070 1070 1070 1070 1070 1070 1070 1070 1070 1070 5 5 5 5 5 5 5 5 
5 5 5 5 5 5 5 5 5 1067 1067 1067 1067 1067 1067 1067 1067 1067 1067 1067 1067 1067 1067 1067 1068 1067 1069 1069 1082 9 9 140 9 9 9 9 9 9 1089 1080 1090 9 9 1 9 9 23 23 9 9 1083 1069 1082 9 1 23 23 9 1 9 9 9 1 9 9 9 9 9 1 9 9 144 9 1087 1086 1069 1069 1069 1065 1066 1070 1070 1070 1070 1070 1070 1070 1070 1070 1070 1070 1070 5 5 5 5 5 5 5 5 
5 5 5 5 5 5 5 5 5 1067 1067 1067 1067 1067 1067 1067 1067 1067 1067 1067 1067 1067 1067 1067 1061 1065 1069 1069 1082 9 9 143 9 22 9 9 9 1 9 9 140 9 9 9 9 1 9 9 9 9 1083 1069 1082 9 9 1 9 9 9 1 9 9 9 9 9 9 9 9 9 9 9 144 1087 1086 1076 1069 1069 1069 1069 1070 1070 1070 1070 1070 1070 1070 1070 1070 1070 1070 1070 1070 5 5 5 5 5 5 5 5 
5 5 5 5 5 5 5 5 5 1067 1067 1067 1067 1067 1067 1067 1067 1067 1067 1067 1067 1067 1067 1067 1067 1069 1069 1079 1090 9 1 143 1 9 9 22 9 9 22 9 143 9 1 9 9 9 9 9 1 9 1083 1069 1082 9 9 9 9 9 140 139 139 139 139 139 139 139 139 139 139 139 139 145 1083 1069 1069 1069 1069 1069 1069 1070 1070 1070 1070 1070 1070 1070 1070 1070 1070 1070 1070 1070 5 5 5 5 5 5 5 5 
5 5 5 5 5 5 5 5 5 1067 1067 1067 1067 1067 1067 1067 1067 1067 1067 1067 1067 1067 1067 1067 1067 1076 1069 1082 9 9 9 143 22 1 9 23 23 9 9 9 142 139 139 141 9 9 5 5 9 9 1083 1069 1082 9 9 9 5 9 143 9 9 9 9 9 9 9 9 9 9 9 9 9 1083 1069 1069 1069 1069 1069 1069 1070 1070 1070 1070 1070 1070 1070 1070 1070 1070 1070 1070 1070 5 5 5 5 5 5 5 5 
5 5 5 5 5 5 5 5 5 1067 1067 1067 1067 1067 1067 1067 1067 1067 1067 1067 1067 1067 1067 1067 1067 1069 1069 1082 9 1 9 143 1 9 9 9 22 9 9 9 1 22 9 144 9 5 9 1 9 9 1083 1069 1082 9 1 5 9 9 143 9 9 9 5 9 9 9 5 9 9 9 9 9 1089 1080 1081 1069 1076 1069 1069 1070 1070 1070 1070 1070 1070 1070 1070 1070 1070 1070 1070 1070 5 5 5 5 5 5 5 5 
5 5 5 5 5 5 5 5 5 1067 1067 1067 1067 1067 1067 1067 1067 1067 1067 1067 1067 1067 1067 1067 1067 1069 1069 1082 9 9 9 143 9 9 22 22 9 9 1 22 9 9 1 144 9 9 9 9 9 9 1083 1069 1082 9 9 9 1 9 143 9 9 5 5 9 9 9 9 9 9 9 5 9 9 9 1089 1081 1069 1069 1069 1070 1070 1070 1070 1070 1070 1070 1070 1070 1070 1070 1070 1070 5 5 5 5 5 5 5 5 
5 5 5 5 5 5 5 5 5 1067 1067 1067 1067 1067 1067 1067 1067 1067 1067 1067 1067 1067 1067 1067 1067 1069 1069 1084 1088 1 9 142 139 139 139 139 139 139 139 139 139 139 139 145 9 9 9 9 9 9 1083 1069 1082 9 9 9 9 9 142 9 9 9 5 9 9 9 9 9 9 9 9 9 9 9 9 1089 1081 1069 1069 1070 1070 1070 1070 1070 1070 1070 1070 1070 1070 1070 1070 1070 5 5 5 5 5 5 5 5 
5 5 5 5 5 5 5 5 5 1067 1067 1067 1067 1067 1067 1067 1067 1067 1067 1067 1067 1067 1067 1067 1071 1078 1069 1069 1082 9 9 1 9 9 9 1 9 9 9 9 9 9 1 9 9 9 140 139 139 139 1083 1069 1082 139 139 139 141 9 9 9 9 9 1 9 5 9 9 5 5 9 9 9 9 1 9 9 1083 1069 1077 1073 1070 1070 1070 1070 1070 1070 1070 1070 1070 1070 1070 1070 5 5 5 5 5 5 5 5 
5 5 5 5 5 5 5 5 5 1067 1067 1067 1067 1067 1067 1067 1067 1067 1067 1067 1067 1067 1067 1067 1068 1071 1078 1069 1082 1 5 9 1087 1085 1085 1088 9 9 1 9 9 9 9 9 9 9 143 1087 1085 1085 1086 1069 1084 1085 1085 1088 144 9 1 9 9 9 9 9 9 9 1 9 9 9 9 9 1087 1085 1085 1085 1086 1077 1073 1077 1073 1070 1070 1070 1070 1070 1070 1070 1070 1070 1070 1070 5 5 5 5 5 5 5 5 
5 5 5 5 5 5 5 5 5 1067 1067 1067 1067 1067 1067 1067 1067 1067 1067 1067 1067 1067 1067 1071 1072 1078 1067 1069 1084 1088 9 9 1083 1064 1062 1062 1062 1062 1062 1062 1062 1062 1062 1062 1062 1062 1062 1062 1066 1069 1069 1069 1069 1069 1064 1062 1062 1062 1062 1062 1062 1062 1062 1062 1062 1062 1062 1062 1062 1062 1062 1062 1062 1066 1069 1069 1086 1070 1070 1070 1077 1073 1070 1070 1070 1070 1070 1070 1070 1070 1070 1070 5 5 5 5 5 5 5 5 
5 5 5 5 5 5 5 5 5 1067 1067 1067 1067 1067 1067 1067 1067 1067 1067 1067 1067 1067 1071 1072 1078 1067 1067 1069 1069 1084 1088 1 1083 1067 1068 1068 1068 1068 1068 1068 1068 1068 1068 1068 1068 1068 1068 1068 1070 1080 1081 1069 1079 1080 1067 1068 1068 1068 1068 1068 1068 1068 1068 1068 1068 1068 1068 1068 1068 1068 1068 1068 1068 1070 1069 1069 1077 1073 1070 1070 1070 1077 1073 1070 1070 1070 1070 1070 1070 1070 1070 1070 5 5 5 5 5 5 5 5 
5 5 5 5 5 5 5 5 5 1067 1067 1067 1067 1067 1067 1067 1067 1067 1067 1067 1067 1071 1072 1078 1067 1067 1067 1069 1069 1069 1084 1085 1086 1067 1068 1068 1068 1068 1068 1068 1068 1068 1068 1068 1068 1068 1068 1068 1070 9 1083 1069 1082 9 1067 1068 1068 1068 1068 1068 1068 1068 1068 1068 1068 1068 1068 1068 1068 1068 1068 1068 1068 1070 1069 1069 1070 1068 1070 1070 1070 1070 1077 1073 1070 1070 1070 1070 1070 1070 1070 1070 5 5 5 5 5 5 5 5 
5 5 5 5 5 5 5 5 5 1067 1067 1067 1067 1067 1067 1067 1067 1067 1067 1067 1071 1072 1078 1067 1067 1067 1067 1069 1069 1069 1069 1069 1069 1067 1068 1068 1068 1068 1068 1068 1068 1068 1068 1068 1068 1068 1068 1068 1070 9 1083 1069 1082 9 1067 1068 1068 1068 1068 1068 1068 1068 1068 1068 1068 1068 1068 1068 1068 1068 1068 1068 1068 1070 1069 1069 1070 1068 1070 1070 1070 1070 1070 1077 1073 1070 1070 1070 1070 1070 1070 1070 5 5 5 5 5 5 5 5 
5 5 5 5 5 5 5 5 5 1067 1067 1067 1067 1067 1067 1067 1067 1067 1067 1071 1072 1078 1067 1067 1067 1067 1071 1072 1072 1078 1069 1069 1069 1067 1068 1068 1068 1068 1068 1068 1068 1068 1068 1068 1068 1068 1068 1068 1070 186 117 118 119 188 1067 1068 1068 1068 1068 1068 1068 1068 1068 1068 1068 1068 1068 1068 1068 1068 1068 1068 1068 1070 1077 1072 1073 1068 1070 1070 1070 1070 1070 1070 1077 1073 1070 1070 1070 1070 1070 1070 5 5 5 5 5 5 5 5 
5 5 5 5 5 5 5 5 5 1067 1067 1067 1067 1067 1067 1067 1067 1067 1071 1072 1078 1067 1067 1067 1067 1067 1068 1068 1068 1071 1072 1078 1069 1067 1068 1068 1068 1068 1068 1068 1068 1068 1068 1068 1068 1068 1068 1068 1070 190 191 191 191 192 1067 1068 1068 1068 1068 1068 1068 1068 1068 1068 1068 1068 1068 1068 1068 1068 1068 1068 1068 1070 1070 1068 1068 1068 1070 1070 1070 1070 1070 1070 1070 1077 1073 1070 1070 1070 1070 1070 5 5 5 5 5 5 5 5 
5 5 5 5 5 5 5 5 5 1067 1067 1067 1067 1067 1067 1067 1067 1071 1072 1078 1067 1067 1067 1067 1067 1067 1068 1068 1068 1068 1068 1071 1078 1067 1068 1068 1068 1068 1068 1068 1068 1068 1068 1068 1068 1068 1068 1068 1070 190 191 191 191 192 1067 1068 1068 1068 1068 1068 1068 1068 1068 1068 1068 1068 1068 1068 1068 1068 1068 1068 1068 1070 1070 1068 1068 1068 1070 1070 1070 1070 1070 1070 1070 1070 1077 1073 1070 1070 1070 1070 5 5 5 5 5 5 5 5 
5 5 5 5 5 5 5 5 5 1067 1067 1067 1067 1067 1067 1067 1071 1072 1078 1067 1067 1067 1067 1067 1067 1067 1068 1068 1068 1068 1068 1068 1067 1067 1068 1068 1068 1068 1068 1068 1068 1068 1068 1068 1068 1068 1068 1068 1070 195 196 196 196 197 1067 1068 1068 1068 1068 1068 1068 1068 1068 1068 1068 1068 1068 1068 1068 1068 1068 1068 1068 1070 1070 1068 1068 1068 1070 1070 1070 1070 1070 1070 1070 1070 1070 1077 1073 1070 1070 1070 5 5 5 5 5 5 5 5 
5 5 5 5 5 5 5 5 5 1067 1067 1067 1067 1067 1067 1071 1072 1078 1067 1067 1067 1067 1067 1067 1067 1071 1072 1072 1072 1072 1078 1068 1067 1071 1072 1072 1072 1072 1072 1072 1072 1072 1072 1072 1072 1072 1072 1072 1075 126 127 128 129 130 1071 1072 1072 1072 1072 1072 1072 1072 1072 1072 1072 1072 1072 1072 1072 1072 1072 1072 1072 1073 1070 1068 1068 1068 1070 1070 1070 1070 1070 1070 1070 1070 1070 1070 1077 1073 1070 1070 5 5 5 5 5 5 5 5 
5 5 5 5 5 5 5 5 5 1067 1067 1067 1067 1067 1071 1072 1078 1067 1067 1067 1067 1067 1067 1067 1067 1068 1068 1068 1068 1068 1067 1068 1067 1069 1069 1082 9 9 9 9 1 9 9 9 9 9 9 1089 1080 131 132 133 134 135 1080 1090 9 1 9 9 9 9 9 1 9 9 1083 1069 1077 1072 1072 1072 1072 1072 1073 1068 1068 1077 1073 1070 1070 1070 1070 1070 1070 1070 1070 1070 1070 1077 1073 1070 5 5 5 5 5 5 5 5 
5 5 5 5 5 5 5 5 5 1067 1067 1067 1067 1071 1072 1078 1067 1067 1067 1067 1067 1067 1067 1067 1067 1068 1068 1068 1068 1068 1067 1068 1071 1072 1078 1084 1088 1 9 9 9 9 1 9 1 9 9 9 9 9 136 137 138 9 9 9 9 9 9 9 1 1087 1085 1085 1085 1085 1069 1069 1070 1068 1068 1068 1068 1068 1068 1068 1077 1073 1077 1073 1070 1070 1070 1070 1070 1070 1070 1070 1070 1070 1077 1075 5 5 5 5 5 5 5 5 
5 5 5 5 5 5 5 5 5 1067 1067 1067 1071 1072 1078 1067 1067 1067 1067 1067 1067 1067 1067 1067 1067 1068 1068 1068 1068 1068 1071 1078 1068 1068 1071 1078 1084 1085 1085 1085 1088 9 9 9 9 9 9 9 1 9 14 6 13 9 1 9 9 9 1 1087 1085 1069 1069 1069 1069 1069 1069 1069 1070 1068 1068 1068 1068 1068 1068 1077 1073 1077 1073 1077 1073 1070 1070 1070 1070 1070 1070 1070 1070 1070 1070 5 5 5 5 5 5 5 5 5 
5 5 5 5 5 5 5 5 5 1067 1067 1071 1072 1078 1067 1067 1067 1067 1067 1067 1067 1067 1067 1067 1067 1068 1068 1068 1068 1068 1068 1067 1068 1068 1068 1071 1072 1072 1072 1078 1084 1088 9 9 1 9 9 9 9 9 20 11 21 1 9 9 9 1087 1085 1069 1069 1077 1072 1072 1072 1072 1072 1072 1073 1068 1068 1068 1068 1068 1077 1073 1077 1073 1077 1073 1077 1073 1070 1070 1070 1070 1070 1070 1070 1070 1070 5 5 5 5 5 5 5 5 5 
5 5 5 5 5 5 5 5 5 1067 1071 1072 1078 1067 1067 1067 1067 1067 1067 1067 1067 1067 1067 1067 1067 1068 1068 1068 1068 1068 1068 1067 1068 1068 1068 1068 1068 1068 1068 1067 1069 1082 1 9 9 9 1 9 9 9 1 9 9 9 9 1087 1085 1069 1069 1077 1072 1073 1068 1068 1068 1068 1068 1068 1068 1068 1068 1068 1068 1077 1073 1077 1073 1077 1073 1077 1073 1077 1073 1070 1070 1070 1070 1070 1070 1070 1070 5 5 5 5 5 5 5 5 5 
