5 5 5 5 5 5 5 5 5 1067 1067 1067 1067 1067 1067 1067 1067 1067 1067 1067 1067 1067 1067 1067 1071 1078 1069 1069 1082 9 9 1 9 9 9 1 9 9 9 9 9 9 1 9 9 9 140 139 139 139 1083 1069 1082 139 139 139 141 9 9 9 9 9 1 9 9 9 9 5 5 9 9 9 9 1 9 9 1083 1069 1077 1073 1070 1070 1070 1070 1070 1070 1070 1070 1070 1070 1070 1070 5 5 5 5 5 5 5 5 
5 5 5 5 5 5 5 5 5 1067 1067 1067 1067 1067 1067 1067 1067 1067 1067 1067 1067 1067 1067 1067 1068 1071 1078 1069 1082 1 5 9 1087 1085 1085 1088 9 9 1 9 9 9 9 9 9 9 143 1087 1085 1085 1086 1069 1084 1085 1085 1088 144 9 1 9 9 9 9 9 9 9 1 9 9 9 9 9 1087 1085 1085 1085 1086 1077 1073 1077 1073 1070 1070 1070 1070 1070 1070 1070 1070 1070 1070 1070 5 5 5 5 5 5 5 5 
5 5 5 5 5 5 5 5 5 1067 1067 1067 1067 1067 1067 1067 1067 1067 1067 1067 1067 1067 1067 1071 1072 1078 1067 1069 1084 1088 9 9 1083 1064 1062 1062 1062 1062 1062 1062 1062 1062 1062 1062 1062 1062 1062 1062 1066 1069 1069 1069 1069 1069 1064 1062 1062 1062 1062 1062 1062 1062 1062 1062 1062 1062 1062 1062 1062 1062 1062 1062 1062 1066 1069 1069 1086 1070 1070 1070 1077 1073 1070 1070 1070 1070 1070 1070 1070 1070 1070 1070 5 5 5 5 5 5 5 5 
5 5 5 5 5 5 5 5 5 1067 1067 1067 1067 1067 1067 1067 1067 1067 1067 1067 1067 1067 1071 1072 1078 1067 1067 1069 1069 1084 1088 1 1083 1067 1068 1068 1068 1068 1068 1068 1068 1068 1068 1068 1068 1068 1068 1068 1070 1080 1081 1069 1079 1080 1067 1068 1068 1068 1068 1068 1068 1068 1068 1068 1068 1068 1068 1068 1068 1068 1068 1068 1068 1070 1069 1069 1077 1073 1070 1070 1070 1077 1073 1070 1070 1070 1070 1070 1070 1070 1070 1070 5 5 5 5 5 5 5 5 
5 5 5 5 5 5 5 5 5 1067 1067 1067 1067 1067 1067 1067 1067 1067 1067 1067 1067 1071 1072 1078 1067 1067 1067 1069 1069 1069 1084 1085 1086 1067 1068 1068 1068 1068 1068 1068 1068 1068 1068 1068 1068 1068 1068 1068 1070 9 1083 1069 1082 9 1067 1068 1068 1068 1068 1068 1068 1068 1068 1068 1068 1068 1068 1068 1068 1068 1068 1068 1068 1070 1069 1069 1070 1068 1070 1070 1070 1070 1077 1073 1070 1070 1070 1070 1070 1070 1070 1070 5 5 5 5 5 5 5 5 
5 5 5 5 5 5 5 5 5 1067 1067 1067 1067 1067 1067 1067 1067 1067 1067 1067 1071 1072 1078 1067 1067 1067 1067 1069 1069 1069 1069 1069 1069 1067 1068 1068 1068 1068 1068 1068 1068 1068 1068 1068 1068 1068 1068 1068 1070 9 1083 1069 1082 9 1067 1068 1068 1068 1068 1068 1068 1068 1068 1068 1068 1068 1068 1068 1068 1068 1068 1068 1068 1070 1069 1069 1070 1068 1070 1070 1070 1070 1070 1077 1073 1070 1070 1070 1070 1070 1070 1070 5 5 5 5 5 5 5 5 
5 5 5 5 5 5 5 5 5 1067 1067 1067 1067 1067 1067 1067 1067 1067 1067 1071 1072 1078 1067 1067 1067 1067 1071 1072 1072 1078 1069 1069 1069 1067 1068 1068 1068 1068 1068 1068 1068 1068 1068 1068 1068 1068 1068 1068 1070 186 117 118 119 188 1067 1068 1068 1068 1068 1068 1068 1068 1068 1068 1068 1068 1068 1068 1068 1068 1068 1068 1068 1070 1077 1072 1073 1068 1070 1070 1070 1070 1070 1070 1077 1073 1070 1070 1070 1070 1070 1070 5 5 5 5 5 5 5 5 
5 5 5 5 5 5 5 5 5 1067 1067 1067 1067 1067 1067 1067 1067 1067 1071 1072 1078 1067 1067 1067 1067 1067 1068 1068 1068 1071 1072 1078 1069 1067 1068 1068 1068 1068 1068 1068 1068 1068 1068 1068 1068 1068 1068 1068 1070 190 191 191 191 192 1067 1068 1068 1068 1068 1068 1068 1068 1068 1068 1068 1068 1068 1068 1068 1068 1068 1068 1068 1070 1070 1068 1068 1068 1070 1070 1070 1070 1070 1070 1070 1077 1073 1070 1070 1070 1070 1070 5 5 5 5 5 5 5 5 
5 5 5 5 5 5 5 5 5 1067 1067 1067 1067 1067 1067 1067 1067 1071 1072 1078 1067 1067 1067 1067 1067 1067 1068 1068 1068 1068 1068 1071 1078 1067 1068 1068 1068 1068 1068 1068 1068 1068 1068 1068 1068 1068 1068 1068 1070 190 191 191 191 192 1067 1068 1068 1068 1068 1068 1068 1068 1068 1068 1068 1068 1068 1068 1068 1068 1068 1068 1068 1070 1070 1068 1068 1068 1070 1070 1070 1070 1070 1070 1070 1070 1077 1073 1070 1070 1070 1070 5 5 5 5 5 5 5 5 
5 5 5 5 5 5 5 5 5 1067 1067 1067 1067 1067 1067 1067 1071 1072 1078 1067 1067 1067 1067 1067 1067 1067 1068 1061 1062 1062 1062 1062 1067 1067 1068 1068 1068 1068 1068 1068 1068 1068 1068 1068 1068 1068 1068 1068 1070 195 196 196 196 197 1067 1068 1068 1068 1068 1068 1068 1068 1068 1068 1068 1068 1068 1068 1068 1068 1068 1068 1068 1070 1070 1068 1068 1068 1070 1070 1070 1070 1070 1070 1070 1070 1070 1077 1073 1070 1070 1070 5 5 5 5 5 5 5 5 
5 5 5 5 5 5 5 5 5 1067 1067 1067 1067 1067 1067 1071 1072 1078 1067 1067 1067 1067 1067 1067 1067 1067 1061 1062 1068 1068 1068 1068 1067 1071 1072 1072 1072 1072 1072 1072 1072 1072 1072 1072 1072 1072 1072 1072 1075 126 127 128 129 130 1071 1072 1072 1072 1072 1072 1072 1072 1072 1072 1072 1072 1072 1072 1072 1072 1072 1072 1072 1073 1070 1068 1068 1068 1070 1070 1070 1070 1070 1070 1070 1070 1070 1070 1077 1073 1070 1070 5 5 5 5 5 5 5 5 
5 5 5 5 5 5 5 5 5 1067 1067 1067 1067 1067 1071 1072 1078 1067 1067 1067 1067 1067 1067 1067 1067 1067 1067 1068 1068 1068 1068 1068 1067 1069 1069 1082 9 9 9 9 1 9 9 9 9 9 9 1089 1080 131 132 133 134 135 1080 1090 9 1 9 9 9 9 9 1 9 9 1083 1069 1077 1072 1072 1072 1072 1072 1073 1068 1068 1077 1073 1070 1070 1070 1070 1070 1070 1070 1070 1070 1070 1077 1073 1070 5 5 5 5 5 5 5 5 
5 5 5 5 5 5 5 5 5 1067 1067 1067 1067 1071 1072 1078 1067 1067 1067 1067 1067 1067 1067 1067 1067 1067 1067 1068 1068 1068 1068 1068 1071 1072 1078 1084 1088 1 9 9 9 9 1 9 1 9 9 9 9 9 136 137 138 9 9 9 9 9 9 9 1 1087 1085 1085 1085 1085 1086 1069 1070 1068 1068 1068 1068 1068 1068 1068 1077 1073 1077 1073 1070 1070 1070 1070 1070 1070 1070 1070 1070 1070 1077 1075 5 5 5 5 5 5 5 5 
5 5 5 5 5 5 5 5 5 1067 1067 1067 1071 1072 1078 1067 1067 1067 1067 1067 1067 1067 1067 1067 1067 1067 1067 1068 1068 1068 1068 1068 1068 1068 1071 1078 1084 1085 1085 1085 1088 9 9 9 9 9 9 9 1 9 14 6 13 9 1 9 9 9 1 1087 1085 1086 1069 1069 1069 1069 1069 1069 1070 1068 1068 1068 1068 1068 1068 1077 1073 1077 1073 1077 1073 1070 1070 1070 1070 1070 1070 1070 1070 1070 1070 5 5 5 5 5 5 5 5 5 
5 5 5 5 5 5 5 5 5 1067 1067 1071 1072 1078 1067 1067 1067 1067 1067 1067 1067 1067 1067 1067 1067 1067 1067 1068 1068 1068 1068 1068 1068 1068 1068 1071 1072 1072 1072 1078 1084 1088 9 9 1 9 9 9 9 9 20 11 21 1 9 9 9 1087 1085 1086 1069 1077 1072 1072 1072 1072 1072 1072 1073 1068 1068 1068 1068 1068 1077 1073 1077 1073 1077 1073 1077 1073 1070 1070 1070 1070 1070 1070 1070 1070 1070 5 5 5 5 5 5 5 5 5 
5 5 5 5 5 5 5 5 5 1067 1071 1072 1078 1067 1067 1067 1067 1067 1067 1067 1067 1067 1067 1067 1067 1067 1067 1068 1068 1068 1068 1068 1068 1068 1068 1061 1062 1062 1062 1067 1069 1082 1 9 9 9 1 9 9 9 1 9 9 9 9 1087 1085 1086 1069 1077 1072 1073 1068 1068 1068 1068 1068 1068 1068 1068 1068 1068 1068 1077 1073 1077 1073 1077 1073 1077 1073 1077 1073 1070 1070 1070 1070 1070 1070 1070 1070 5 5 5 5 5 5 5 5 5 
5 5 5 5 5 5 5 5 5 1071 1072 1078 1067 1067 1067 1067 1067 1067 1067 1067 1067 1067 1067 1067 1067 1067 1067 1068 1068 1068 1068 1068 1068 1068 1068 1071 1078 1068 1068 1071 1078 1084 1088 9 9 9 9 9 9 9 9 9 9 9 1087 1086 1069 1069 1077 1073 1068 1068 1068 1068 1068 1068 1068 1068 1068 1068 1068 1068 1077 1073 1077 1073 1068 1070 1077 1073 1077 1073 1077 1073 1070 1070 1070 1070 1070 1070 1070 5 5 5 5 5 5 5 5 5 
5 5 5 5 5 5 5 5 5 5 5 1067 1067 1067 1067 1067 1067 1067 1067 1067 1067 1067 1067 1067 1067 1067 1067 1068 1068 1068 1068 1068 1068 1068 1068 1068 1071 1078 1068 1068 1067 1069 1084 1088 9 1 9 9 9 1087 1085 1085 1085 1085 1086 1069 1077 1072 1073 1068 1068 1068 1068 1068 1068 1068 1068 1068 1068 1068 1068 1077 1073 1077 1073 1068 1068 1070 1070 1077 1073 1077 1073 1077 1073 1070 1070 1070 1070 1070 1070 5 5 5 5 5 5 5 5 5 
5 5 5 5 5 5 5 5 5 5 5 1067 1067 1067 1067 1067 1067 1067 1067 1067 1067 1067 1067 1067 1067 1067 1067 1068 1068 1068 1068 1068 1068 1068 1068 1068 1068 1067 1068 1068 1067 1069 1069 1084 1085 1085 1085 1085 1085 1086 1069 1069 1069 1069 1069 1077 1073 1068 1068 1068 1068 1068 1068 1068 1068 1068 1068 1068 1068 1068 1077 1073 1077 1073 1068 1068 1077 1073 1070 1070 1077 1073 1077 1073 1077 1073 1070 1070 1070 1070 1070 5 5 5 5 5 5 5 5 5 
5 5 5 5 5 5 5 5 5 5 5 1067 1067 1067 1067 1067 1067 1067 1067 1067 1067 1067 1067 1067 1067 1067 1071 1072 1072 1072 1072 1072 1072 1072 1078 1068 1068 1067 1068 1068 1071 1078 1069 1069 1069 1076 1076 1076 1069 1076 1076 1076 1069 1069 1069 1070 1068 1068 1068 1068 1068 1068 1068 1068 1068 1068 1068 1068 1068 1077 1073 1077 1073 1068 1068 1068 1070 1077 1073 1070 1070 1077 1073 1077 1073 1068 1070 1070 1070 1070 1070 5 5 5 5 5 5 5 5 5 
5 5 5 5 5 5 5 5 5 5 5 1067 1067 1067 1067 1067 1067 1067 1067 1067 1067 1067 1067 1067 1067 1071 1072 1072 1072 1072 1072 1072 1072 1078 1067 1068 1068 1071 1072 1072 1078 1067 1069 1069 1076 1069 1069 1069 1069 1069 1069 1069 1076 1069 1069 1070 1068 1077 1072 1072 1072 1072 1072 1072 1072 1072 1072 1072 1072 1073 1077 1073 1068 1068 1068 1068 1070 1070 1077 1073 1070 1070 1077 1073 1077 1072 1073 1070 1070 1070 1070 5 5 5 5 5 5 5 5 5 
5 5 5 5 5 5 5 5 5 5 5 1067 1067 1067 1067 1067 1067 1067 1067 1067 1067 1067 1067 1067 1071 1072 1072 1072 1072 1072 1072 1072 1078 1067 1067 1068 1068 1068 1068 1068 1067 1067 1069 1069 1076 1069 1076 1076 1076 1076 1076 1069 1076 1069 1069 1070 1068 1070 1077 1072 1072 1072 1072 1072 1072 1072 1072 1072 1072 1072 1073 1068 1068 1068 1068 1068 1070 1070 1070 1077 1073 1070 1070 1070 1070 1077 1072 1073 1070 1070 1070 5 5 5 5 5 5 5 5 5 
5 5 5 5 5 5 5 5 5 5 5 1067 1067 1067 1067 1067 1067 1067 1067 1067 1067 1067 1067 1071 1072 1072 1072 1072 1072 1072 1072 1078 1067 1067 1067 1068 1068 1068 1068 1068 1067 1067 1069 1069 1076 1069 1069 1069 1069 1069 1069 1069 1076 1069 1069 1070 1068 1070 1070 1077 1072 1072 1072 1072 1072 1072 1072 1072 1072 1072 1072 1072 1072 1072 1072 1072 1073 1070 1070 1070 1077 1073 1070 1070 1070 1070 1077 1072 1073 1070 1070 5 5 5 5 5 5 5 5 5 
5 5 5 5 5 5 5 5 5 5 5 1067 1067 1067 1067 1067 1067 1067 1067 1067 1067 1067 1071 1072 1072 1072 1072 1072 1072 1072 1078 1067 1067 1067 1067 1068 1068 1068 1068 1068 1067 1067 1069 1069 1076 1069 1069 1076 1069 1076 1069 1069 1076 1069 1069 1070 1068 1070 1070 1070 1077 1072 1072 1072 1072 1072 1072 1072 1072 1072 1072 1072 1072 1072 1072 1072 1072 1073 1070 1070 1070 1077 1073 1070 1070 1070 1070 1077 1072 1073 1070 5 5 5 5 5 5 5 5 5 
5 5 5 5 5 5 5 5 5 5 5 1067 1067 1067 1067 1067 1067 1067 1067 1067 1067 1071 1072 1072 1072 1072 1072 1072 1072 1078 1067 1067 1067 1067 1071 1072 1072 1072 1072 1078 1067 1071 1072 1072 1072 1072 1072 1072 1072 1072 1072 1072 1072 1072 1072 1073 1068 1070 1070 1070 1070 1077 1072 1072 1072 1072 1072 1072 1072 1072 1072 1072 1072 1072 1072 1072 1072 1072 1073 1070 1070 1070 1068 1070 1070 1070 1070 1070 1077 1072 1075 5 5 5 5 5 5 5 5 5 
5 5 5 5 5 5 5 5 5 5 5 1067 1067 1067 1067 1067 1067 1067 1067 1067 1071 1072 1072 1072 1072 1072 1072 1072 1078 1067 1067 1067 1067 1071 1072 1072 1072 1072 1078 1067 1071 1072 1072 1072 1072 1072 1072 1072 1072 1072 1072 1072 1072 1072 1072 1072 1072 1073 1070 1070 1070 1070 1069 1064 1062 1062 1062 1062 1062 1062 1066 1069 1069 1076 1076 1069 1077 1072 1072 1073 1070 1070 1068 1070 1070 1070 1070 1070 1070 5 5 5 5 5 5 5 5 5 5 5 
5 5 5 5 5 5 5 5 5 5 5 1067 1067 1067 1067 1067 1067 1067 1067 1071 1072 1072 1072 1072 1072 1072 1072 1078 1067 1067 1067 1067 1071 1072 1072 1072 1072 1078 1067 1071 1072 1072 1072 1072 1072 1072 1072 1072 1072 1072 1072 1072 1072 1072 1072 1072 1072 1072 1073 1070 1070 1070 1069 1074 1078 1068 1068 1068 1068 1068 1070 1069 1069 1069 1069 1069 1070 1077 1072 1072 1073 1070 1068 1070 1070 1070 1070 1070 1070 5 5 5 5 5 5 5 5 5 5 5 
5 5 5 5 5 5 5 5 5 5 5 1067 1067 1067 1067 1067 1067 1067 1071 1072 1072 1072 1072 1072 1072 1072 1078 1067 1067 1067 1067 1071 1072 1072 1072 1072 1078 1067 1071 1072 1072 1072 1072 1072 1072 1072 1072 1072 1072 1072 1072 1072 1072 1072 1072 1072 1072 1072 1072 1073 1070 1070 1069 1069 1074 1078 1068 1068 1068 1068 1070 1076 1069 1069 1069 1076 1070 1070 1077 1072 1072 1073 1068 1070 1070 1070 1070 1070 1070 5 5 5 5 5 5 5 5 5 5 5 
5 5 5 5 5 5 5 5 5 5 5 1067 1067 1067 1067 1067 1067 1071 1072 1072 1072 1072 1072 1072 1072 1078 1067 1067 1067 1067 1071 1072 1072 1072 1072 1078 1067 1071 1072 1072 1072 1072 1072 1072 1072 1072 1072 1072 1072 1072 1072 1072 1072 1072 1072 1072 1072 1072 1072 1072 1073 1070 1069 1069 1069 1067 1068 1068 1068 1068 1070 1069 1069 1069 1069 1069 1070 1070 1070 1077 1072 1072 1072 1073 1070 1070 1070 1070 1070 5 5 5 5 5 5 5 5 5 5 5 
5 5 5 5 5 5 5 5 5 5 5 1067 1067 1067 1067 1067 1071 1072 1072 1072 1072 1072 1072 1072 1078 1067 1067 1067 1067 1071 1072 1072 1072 1072 1078 1067 1071 1072 1072 1072 1072 1072 1072 1078 1068 1077 1072 1072 1072 1072 1072 1072 1072 1072 1072 1072 1072 1072 1072 1072 1072 1073 1069 1069 1069 1074 1072 1072 1072 1072 1075 1069 1076 1069 1069 1069 1070 1070 1070 1070 1068 1068 1068 1068 1070 1070 1070 1070 1070 5 5 5 5 5 5 5 5 5 5 5 
5 5 5 5 5 5 5 5 5 5 5 1067 1067 1067 1067 1071 1072 1072 1072 1072 1072 1072 1072 1078 1067 1067 1067 1067 1071 1072 1072 1072 1072 1078 1067 1071 1072 1072 1072 1072 1072 1072 1078 1071 1072 1075 1069 1069 1069 1069 1069 1069 1069 1069 1069 1069 1069 1069 1069 1069 1069 1069 1069 1069 1069 1069 1069 1069 1069 1069 1069 1069 1069 1069 1069 1069 1070 1070 1070 1070 1068 1068 1068 1068 1070 1070 1070 1070 1070 5 5 5 5 5 5 5 5 5 5 5 
5 5 5 5 5 5 5 5 5 5 1087 1067 1067 1067 1071 1072 1072 1072 1072 1072 1072 1072 1078 1067 1067 1067 1067 1071 1072 1072 1072 1072 1078 1067 1071 1072 1072 1072 1072 1072 1072 1078 1071 1072 1072 1072 1072 1072 1072 1072 1072 1072 1072 1072 1072 1072 1072 1072 1072 1072 1072 1072 1072 1072 1072 1072 1072 1072 1072 1072 1072 1072 1072 1072 1072 1072 1073 1070 1070 1070 1068 1068 1068 1068 1070 1070 1070 1070 1070 5 5 5 5 5 5 5 5 5 5 5 
5 5 5 5 5 5 5 5 5 5 1083 1067 1067 1071 1072 1072 1072 1072 1072 1072 1072 1078 1067 1067 1067 1067 1071 1072 1072 1072 1072 1078 1067 1071 1072 1072 1072 1072 1072 1072 1078 1071 1072 1072 1072 1072 1072 1072 1072 1072 1072 1072 1072 1072 1072 1072 1072 1072 1072 1072 1072 1072 1072 1078 1068 1077 1072 1072 1072 1072 1072 1072 1072 1072 1072 1072 1072 1073 1070 1070 1068 1068 1068 1068 1070 1070 1070 1070 1070 5 5 5 5 5 5 5 5 5 5 5 
5 5 5 5 5 5 5 5 5 5 1083 1067 1071 1072 1072 1072 1078 1068 1068 1068 1068 1067 1067 1067 1067 1071 1072 1072 1072 1072 1078 1067 1071 1072 1072 1072 1072 1072 1078 1068 1071 1078 1069 1069 1069 1069 1069 1069 1064 1066 1069 1069 1069 1077 1072 1072 1072 1072 1072 1072 1072 1072 1078 1067 1068 1070 1069 1069 1069 1069 1069 1069 1069 1069 1069 1069 1069 1077 1073 1070 1068 1068 1068 1068 1070 1070 1070 1070 1070 5 5 5 5 5 5 5 5 5 5 5 
5 5 5 5 5 5 5 5 5 5 1083 1074 1072 1072 1072 1078 1071 1072 1072 1072 1078 1067 1067 1067 1071 1072 1072 1072 1072 1078 1067 1071 1072 1072 1072 1078 1068 1068 1067 1068 1068 1067 1069 1069 1069 1069 1069 1069 1067 1070 1069 1069 1069 1070 1069 1069 1069 1069 1069 1069 1069 1069 1067 1067 1068 1070 1069 1069 1069 1064 1062 1062 1066 1069 1069 1069 1069 1070 1068 1070 1068 1068 1068 1068 1070 1070 1070 1070 1070 5 5 5 5 5 5 5 5 5 5 5 
5 5 5 5 5 5 5 5 5 5 1089 1080 1080 1080 1081 1074 1072 1072 1072 1078 1067 1067 1067 1071 1072 1072 1072 1072 1078 1067 1071 1072 1072 1072 1078 1071 1072 1078 1071 1078 1068 1071 1078 1069 1069 1076 1069 1069 1067 1070 1069 1069 1069 1070 1069 1069 1069 1069 1069 1069 1069 1069 1067 1067 1068 1070 1069 1069 1069 1067 1068 1068 1070 1069 1069 1069 1069 1070 1068 1070 1068 1068 1068 1068 1070 1070 1070 1070 1070 5 5 5 5 5 5 5 5 5 5 5 
5 5 5 5 5 5 5 5 5 5 5 5 5 5 1089 1080 1090 5 5 1067 1067 1067 1071 1072 1072 1072 1072 1078 1067 1071 1072 1072 1072 1078 1074 1072 1078 1074 1078 1071 1078 1068 1067 1069 1069 1069 1069 1076 1067 1062 1066 1069 1069 1065 1065 1065 1066 1069 1069 1069 1069 1069 1067 1067 1068 1070 1069 1069 1069 1067 1068 1068 1070 1069 1076 1069 1069 1070 1068 1070 1068 1068 1068 1068 1070 1070 1070 1070 1070 5 5 5 5 5 5 5 5 5 5 5 
5 5 5 5 5 5 5 5 5 5 5 5 5 5 5 5 5 5 1087 1067 1067 1074 1072 1072 1072 1072 1078 1067 1071 1072 1072 1072 1078 1067 1069 1069 1067 1069 1074 1078 1071 1078 1071 1078 1069 1069 1069 1069 1067 1068 1070 1069 1069 1069 1069 1069 1070 1079 1080 1080 1080 1081 1067 1067 1068 1070 1069 1069 1069 1074 1072 1072 1075 1069 1069 1076 1077 1073 1068 1070 1068 1068 1068 1068 1070 1070 1070 1070 1070 5 5 5 5 5 5 5 5 5 5 5 
5 5 5 5 5 5 5 5 5 5 5 5 5 5 5 5 5 5 1083 1067 1067 1069 1069 1069 1069 1069 1067 1071 1072 1072 1072 1078 1067 1067 1069 1069 1067 1069 1069 1074 1078 1071 1078 1067 1069 1069 1069 1069 1074 1078 1070 1069 1069 1069 1069 1069 1070 1082 9 1 5 1083 1067 1074 1072 1075 1069 1069 1069 1069 1076 1069 1069 1069 1069 1069 1070 1068 1068 1070 1068 1068 1068 1068 1070 1070 1070 1070 1070 5 5 5 5 5 5 5 5 5 5 5 
5 5 5 5 5 5 5 5 5 5 5 5 5 5 5 5 5 5 1083 1067 1067 1069 1069 1069 1069 1076 1071 1072 1072 1072 1078 1067 1067 1067 1069 1069 1074 1078 1069 1076 1074 1078 1067 1067 1069 1069 1076 1069 1069 1074 1075 1069 1069 1069 1069 1069 1070 1082 5 9 9 1083 1067 1069 1069 1069 1069 1069 1069 1069 1069 1069 1069 1069 1069 1069 1070 1068 1068 1070 1068 1068 1068 1068 1070 1070 1070 1070 1070 5 5 5 5 5 5 5 5 5 5 5 
5 5 5 5 5 5 5 5 5 5 5 5 5 5 5 5 5 5 1083 1067 1071 1078 1076 1069 1069 1069 1069 1069 1069 1069 1067 1067 1067 1067 1069 1069 1069 1067 1069 1069 1069 1067 1067 1067 1069 1069 1069 1069 1069 1069 1069 1069 1069 1069 1069 1069 1070 1082 1 5 9 1083 1067 1069 1069 1069 1069 1077 1072 1072 1072 1072 1072 1072 1072 1072 1073 1068 1068 1070 1068 1068 1068 1068 1070 1070 1070 1070 1070 5 5 5 5 5 5 5 5 5 5 5 
5 5 5 5 5 5 5 5 5 5 5 5 5 5 5 5 5 5 1083 1074 1078 1071 1072 1072 1078 1069 1069 1069 1069 1069 1067 1067 1067 1067 1069 1064 1066 1067 1069 1069 1069 1067 1067 1071 1072 1072 1072 1072 1072 1072 1072 1072 1072 1072 1072 1072 1075 1084 1085 1085 1085 1086 1074 1072 1072 1072 1072 1073 1068 1068 1068 1068 1068 1068 1068 1068 1077 1072 1072 1073 1068 1068 1068 1068 1070 1070 1070 1070 1070 5 5 5 5 5 5 5 5 5 5 5 
5 5 5 5 5 5 5 5 5 5 5 5 5 5 5 5 5 5 1083 1069 1074 1072 1072 1078 1067 1076 1069 1069 1069 1069 1067 1067 1067 1074 1078 1074 1075 1067 1076 1069 1069 1067 1071 1072 1072 1072 1072 1072 1072 1072 1072 1072 1072 1072 1072 1072 1072 1072 1072 1072 1072 1072 1072 1078 1068 1068 1068 1068 1068 1068 1068 1068 1068 1068 1068 1068 1070 1068 1068 1068 1068 1068 1068 1068 1070 1070 1070 1070 1070 5 5 5 5 5 5 5 5 5 5 5 
5 5 5 5 5 5 5 5 5 5 5 5 5 5 5 5 5 5 1089 1080 1080 1090 5 1067 1067 1064 1062 1066 1069 1069 1067 1067 1067 1069 1067 1069 1069 1074 1078 1069 1069 1074 1072 1072 1072 1072 1072 1072 1072 1072 1072 1072 1072 1072 1072 1078 1068 1068 1068 1068 1068 1068 1068 1067 1068 1068 1068 1068 1068 1068 1068 1068 1068 1068 1068 1068 1070 1068 1068 1068 1068 1068 1068 1068 1070 1070 1070 1070 1070 5 5 5 5 5 5 5 5 5 5 5 
5 5 5 5 5 5 5 5 5 5 5 5 5 5 5 5 5 5 5 5 5 5 5 1067 1067 1067 1068 1062 1066 1069 1067 1067 1067 1069 1067 1069 1069 1069 1074 1072 1072 1072 1072 1072 1072 1072 1072 1072 1072 1072 1072 1072 1072 1072 1078 1067 1068 1068 1068 1068 1068 1068 1068 1067 1068 1068 1068 1068 1068 1068 1068 1068 1068 1068 1068 1068 1070 1068 1068 1068 1068 1068 1068 1068 1070 1070 1070 1070 1070 5 5 5 5 5 5 5 5 5 5 5 
5 5 5 5 5 5 5 5 5 5 5 5 5 5 5 5 5 5 5 5 5 5 5 1067 1067 1074 1072 1072 1075 1069 1067 1067 1067 1069 1067 1069 1069 1069 1069 1069 1069 1064 1066 1076 1069 1069 1069 1069 1069 1069 1069 1076 1069 1069 1067 1067 1068 1068 1068 1068 1068 1068 1068 1067 1068 1068 1068 1068 1068 1068 1068 1068 1068 1068 1068 1077 1073 1068 1068 1068 1068 1068 1068 1068 1070 1070 1070 1070 1070 5 5 5 5 5 5 5 5 5 5 5 
5 5 5 5 5 5 5 5 5 5 5 5 5 5 5 5 5 5 5 5 5 5 5 1067 1067 1069 1076 1069 1069 1069 1067 1067 1067 1069 1074 1078 1069 1069 1069 1069 1069 1074 1075 1069 1079 1080 1080 1080 1080 1080 1081 1069 1069 1069 1067 1071 1078 1068 1068 1068 1068 1068 1068 1067 1068 1068 1068 1068 1068 1068 1068 1068 1068 1068 1068 1070 1068 1068 1068 1068 1068 1068 1068 1068 1070 1070 1070 1070 1070 5 5 5 5 5 5 5 5 5 5 5 
5 5 5 5 5 5 5 5 5 5 5 5 5 5 5 5 5 5 5 5 5 5 5 1067 1067 1069 1069 1069 1069 1069 1067 1067 1067 1069 1069 1074 1072 1078 1069 1069 1076 1069 1069 1079 1090 9 9 7 9 1 1089 1080 1081 1069 1074 1078 1067 1068 1068 1068 1068 1068 1068 1071 1072 1078 1068 1068 1068 1068 1068 1068 1068 1077 1072 1073 1068 1068 1068 1068 1068 1068 1068 1068 1070 1070 1070 1070 1070 5 5 5 5 5 5 5 5 5 5 5 
5 5 5 5 5 5 5 5 5 5 5 5 5 5 5 5 5 5 5 5 5 5 5 1067 1067 1069 1069 1069 1069 1069 1067 1067 1067 1069 1069 1069 1069 1074 1072 1078 1069 1069 1079 1090 9 9 5 1 7 7 9 5 1089 1081 1069 1067 1071 1072 1072 1078 1068 1068 1068 1068 1068 1071 1072 1072 1072 1072 1072 1072 1072 1073 1068 1068 1068 1068 1068 1068 1068 1068 1068 1068 1070 1070 1070 1070 1070 5 5 5 5 5 5 5 5 5 5 5 
5 5 5 5 5 5 5 5 5 5 5 5 5 5 5 5 5 5 5 5 5 5 5 1067 1067 1076 1076 1076 1069 1069 1067 1067 1074 1072 1072 1078 1076 1076 1069 1067 1069 1069 1082 9 1 5 5 7 9 7 7 1 7 1083 1069 1074 1072 1072 1078 1067 1068 1068 1068 1068 1068 1068 1068 1068 1068 1068 1068 1068 1068 1068 1068 1068 1068 1068 1068 1068 1068 1068 1068 1068 1070 1070 1070 1070 1070 5 5 5 5 5 5 5 5 5 5 5 
5 5 5 5 5 5 5 5 5 5 5 5 5 5 5 5 5 5 5 5 5 5 5 1067 1067 1069 1069 1069 1076 1069 1067 1074 1072 1072 1078 1067 1069 1076 1069 1067 1069 1069 1082 9 7 9 7 9 1 5 5 7 7 1083 1069 1069 1076 1069 1067 1067 1068 1068 1068 1068 1068 1068 1068 1068 1068 1068 1068 1068 1068 1068 1068 1068 1068 1068 1068 1068 1068 1068 1068 1068 1070 1070 1070 1070 1070 5 5 5 5 5 5 5 5 5 5 5 
5 5 5 5 5 5 5 5 5 5 5 5 5 5 5 5 5 5 5 5 5 5 1087 1067 1074 1078 1069 1069 1069 1069 1074 1072 1072 1078 1067 1067 1069 1069 1069 1067 1069 1069 1084 1085 1088 7 9 9 9 5 7 9 7 1089 1081 1069 1069 1069 1067 1071 1078 1068 1068 1068 1068 1068 1068 1068 1068 1068 1068 1068 1068 1068 1068 1068 1068 1068 1068 1068 1068 1068 1068 1068 1070 1070 1070 1070 1070 5 5 5 5 5 5 5 5 5 5 5 
5 5 5 5 5 5 5 5 5 5 5 5 5 5 5 5 5 5 5 5 5 5 1081 1074 1078 1074 1078 1069 1069 1069 1069 1069 1069 1067 1067 1067 1069 1076 1069 1067 1069 1076 1069 1069 1084 1085 1088 1 9 7 9 1 9 9 1089 1081 1069 1069 1074 1078 1067 1068 1068 1068 1068 1068 1068 1068 1068 1068 1068 1068 1068 1068 1068 1068 1068 1068 1068 1068 1068 1068 1068 1068 1070 1070 1070 1070 1070 5 5 5 5 5 5 5 5 5 5 5 
5 5 5 5 5 5 5 5 5 5 5 5 5 5 5 5 5 5 5 5 5 7 1089 1081 1074 1078 1074 1078 1069 1069 1069 1069 1069 1067 1067 1067 1069 1069 1076 1067 1069 1069 1069 1069 1069 1069 1084 1085 1085 1088 5 7 9 9 5 1083 1069 1069 1069 1067 1067 1068 1068 1068 1068 1068 1068 1068 1068 1068 1077 1072 1072 1072 1072 1072 1072 1078 1068 1068 1068 1068 1068 1068 1070 1070 1070 1070 1070 5 5 5 5 5 5 5 5 5 5 5 
5 5 5 5 5 5 5 5 5 5 5 5 5 5 5 5 5 5 5 5 1 7 5 1089 1081 1074 1078 1074 1078 1069 1069 1069 1069 1067 1067 1067 1069 1076 1069 1074 1078 1069 1069 1069 1069 1069 1069 1076 1069 1084 1088 9 1 9 9 1083 1069 1069 1069 1067 1074 1072 1072 1072 1072 1072 1072 1072 1072 1072 1075 1077 1072 1072 1072 1072 1078 1074 1078 1068 1068 1068 1068 1068 1070 1070 1070 1070 1070 5 5 5 5 5 5 5 5 5 5 5 
5 5 5 5 5 5 5 5 5 5 5 5 5 5 5 5 5 5 5 5 7 5 5 5 1089 1081 1074 1078 1074 1078 1069 1069 1069 1067 1067 1067 1069 1069 1076 1069 1074 1072 1072 1072 1078 1069 1069 1069 1069 1069 1084 1085 1085 1076 1085 1086 1069 1069 1069 1074 1072 1072 1072 1072 1072 1072 1072 1072 1072 1072 1072 1075 1069 1069 1069 1069 1074 1078 1074 1072 1072 1072 1072 1072 1075 1070 1070 1070 1070 5 5 5 5 5 5 5 5 5 5 5 
5 5 5 5 5 5 5 5 5 5 5 5 5 5 5 5 5 5 5 5 5 5 7 5 5 1089 1081 1074 1078 1074 1078 1069 1069 1067 1067 1067 1069 1076 1069 1069 1069 1069 1069 1069 1074 1072 1072 1078 1069 1069 1069 1069 1069 1069 1069 1069 1069 1069 1069 1069 1064 1066 1069 1069 1069 1064 1066 1069 1069 1069 1069 1069 1069 1064 1066 1069 1069 1074 1078 1069 1069 1069 1069 1069 1077 1075 1070 1070 1070 5 5 5 5 5 5 5 5 5 5 5 
5 5 5 5 5 5 5 5 5 5 5 5 5 5 5 5 5 5 5 5 5 5 7 7 5 5 1089 1081 1074 1078 1067 1069 1069 1067 1067 1067 1069 1069 1076 1069 1069 1069 1069 1069 1069 1069 1069 1074 1072 1078 1069 1076 1069 1069 1069 1069 1069 1069 1069 1069 1074 1075 1069 1069 1069 1074 1075 1069 1069 1069 1069 1069 1069 1074 1075 1069 1069 1069 1067 1079 1080 1080 1081 1077 1075 1069 1070 1070 1070 5 5 5 5 5 5 5 5 5 5 5 
5 5 5 5 5 5 5 5 5 5 5 5 5 5 5 5 5 5 5 5 5 5 5 5 5 1 5 1089 1081 1067 1067 1069 1069 1067 1067 1067 1069 1069 1069 1069 1069 1069 1069 1069 1069 1069 1069 1069 1069 1074 1072 1072 1072 1072 1072 1072 1072 1072 1072 1072 1072 1072 1072 1072 1072 1072 1072 1072 1072 1072 1072 1072 1072 1072 1078 1069 1069 1069 1067 1082 9 1 1083 1070 1069 1069 1070 1070 1070 1088 5 5 5 5 5 5 5 5 5 5 
5 5 5 5 5 5 5 5 5 5 5 5 5 5 5 5 5 5 5 5 5 1 7 5 7 7 5 5 1083 1067 1067 1069 1069 1067 1067 1067 1064 1062 1062 1062 1062 1062 1062 1062 1062 1062 1062 1062 1062 1062 1062 1062 1062 1066 1069 1069 1069 1069 1069 1069 1069 1069 1076 1069 1076 1069 1069 1069 1069 1069 1069 1069 1064 1066 1074 1072 1072 1078 1067 1084 1085 1085 1086 1070 1069 1077 1073 1070 1070 1082 5 5 5 5 5 5 5 5 5 5 
5 5 5 5 5 5 5 5 5 5 5 5 5 5 5 5 5 5 5 5 5 7 5 5 7 7 7 5 1083 1067 1071 1078 1069 1067 1067 1067 1067 1068 1068 1068 1068 1068 1068 1068 1068 1068 1068 1068 1068 1068 1068 1068 1068 1062 1062 1062 1066 1069 1069 1069 1069 1069 1069 1069 1069 1069 1069 1069 1069 1069 1069 1069 1067 1070 1069 1069 1069 1067 1074 1078 1069 1069 1077 1075 1069 1070 1077 1073 1070 1082 5 5 5 5 5 5 5 5 5 5 
5 5 5 5 5 5 5 5 5 5 5 5 5 5 5 5 5 5 5 5 5 5 5 5 5 7 7 7 1083 1074 1078 1071 1078 1067 1067 1067 1067 1068 1068 1068 1068 1068 1068 1068 1068 1068 1068 1068 1068 1068 1068 1068 1068 1068 1068 1068 1062 1062 1062 1062 1062 1062 1062 1062 1066 1069 1069 1069 1069 1069 1069 1069 1067 1070 1069 1069 1069 1067 1069 1074 1072 1072 1075 1069 1069 1070 1070 1077 1075 1082 9 5 5 5 5 5 5 5 5 5 
5 5 5 5 5 5 5 5 5 5 5 5 5 5 5 5 5 5 5 5 5 5 7 1 7 7 7 5 1089 1081 1074 1078 1067 1067 1067 1067 1067 1068 1068 1068 1068 1068 1068 1068 1068 1068 1068 1068 1068 1068 1068 1068 1068 1068 1068 1068 1068 1068 1068 1068 1068 1068 1068 1068 1062 1062 1062 1062 1062 1066 1076 1069 1067 1070 1069 1069 1069 1067 1069 1069 1069 1069 1069 1069 1077 1073 1070 1070 1079 1090 1 5 5 5 5 5 5 5 5 5 
5 5 5 5 5 5 5 5 5 5 5 5 5 5 5 5 5 5 5 5 5 5 5 5 7 5 5 1 9 1089 1081 1067 1067 1067 1067 1067 1067 1068 1068 1068 1068 1068 1068 1068 1068 1068 1068 1068 1068 1068 1068 1068 1068 1068 1068 1068 1068 1068 1068 1068 1068 1068 1068 1068 1068 1068 1068 1068 1068 1062 1062 1066 1074 1075 1069 1069 1069 1074 1078 1069 1069 1069 1069 1069 1070 1077 1073 1070 1082 9 9 5 5 5 5 5 5 5 5 5 
5 5 5 5 5 5 5 5 5 5 5 5 5 5 5 5 5 5 5 5 5 7 7 5 5 9 9 9 1 9 1083 1067 1067 1067 1067 1067 1067 1068 1068 1068 1068 1068 1068 1068 1068 1068 1068 1068 1068 1068 1068 1068 1068 1068 1068 1068 1068 1068 1068 1068 1068 1068 1068 1068 1068 1068 1068 1068 1068 1068 1068 1062 1066 1064 1066 1069 1069 1069 1074 1078 1069 1069 1069 1077 1073 1070 1077 1075 1082 9 9 5 5 5 5 5 5 5 5 5 
5 5 5 5 5 5 5 5 5 5 5 5 5 5 5 5 5 5 5 7 5 5 1 5 9 1 1087 1085 1085 1085 1086 1067 1067 1067 1067 1067 1074 1072 1072 1072 1072 1072 1078 1068 1068 1068 1068 1068 1068 1068 1077 1072 1072 1072 1072 1072 1072 1072 1072 1072 1072 1072 1072 1072 1072 1072 1072 1072 1078 1068 1068 1068 1070 1067 1062 1066 1069 1069 1069 1074 1072 1072 1072 1073 1077 1073 1070 1069 1082 9 5 5 5 5 5 5 5 5 5 5 
5 5 5 5 5 5 5 5 5 5 5 5 5 5 5 5 5 7 5 7 5 7 9 9 1087 1085 1086 1064 1065 1065 1065 1065 1067 1067 1067 1071 1072 1072 1072 1072 1072 1078 1074 1078 1068 1068 1068 1068 1068 1077 1075 1069 1069 1076 1076 1076 1076 1076 1069 1069 1069 1069 1069 1069 1076 1076 1069 1069 1067 1068 1068 1068 1070 1067 1077 1075 1069 1079 1080 1081 1069 1076 1077 1072 1073 1077 1075 1069 1082 1 5 5 5 5 5 5 5 5 5 5 
5 5 5 5 5 5 5 5 5 5 5 5 5 5 5 5 5 5 7 7 5 1 1087 1085 1086 1064 1065 1065 1069 1064 1065 1065 1065 1067 1074 1072 1072 1072 1072 1072 1078 1074 1078 1074 1072 1078 1077 1072 1072 1075 1069 1069 1069 1069 1069 1069 1069 1069 1069 1069 1076 1076 1076 1069 1069 1069 1069 1076 1067 1068 1068 1068 1070 1074 1075 1069 1069 1082 7 1089 1081 1069 1070 1077 1072 1075 1069 1079 1090 9 5 5 5 5 5 5 5 5 5 5 
5 5 5 5 5 5 5 5 5 5 1087 1085 1088 5 5 5 1 7 7 5 9 9 1083 1064 1065 1065 1069 1069 1069 1067 1069 1064 1065 1065 1069 1069 1069 1069 1069 1069 1074 1078 1067 1069 1069 1074 1075 1069 1069 1069 1069 1077 1072 1072 1072 1072 1072 1072 1072 1072 1072 1072 1072 1072 1072 1078 1069 1069 1067 1068 1068 1077 1075 1069 1069 1069 1069 1082 9 1 1083 1069 1070 1070 1080 1080 1080 1090 9 9 5 5 5 5 5 5 5 5 5 5 
5 5 5 5 5 5 5 5 5 1087 1086 1069 1084 1085 1088 5 5 5 5 9 1 9 1083 1067 1069 1069 1069 1076 1064 1065 1064 1065 1079 1080 1081 1064 1062 1066 1069 1069 1069 1067 1067 1069 1079 1080 1081 1069 1069 1069 1069 1070 1084 1088 9 1 9 9 9 5 9 5 1089 1081 1069 1067 1076 1069 1067 1068 1068 1070 1069 1069 1069 1069 1069 1082 1 1087 1086 1069 1070 1070 9 9 1 9 9 5 5 5 5 5 5 5 5 5 5 5 
5 5 5 5 5 5 5 5 1087 1086 1069 1064 1065 1065 1065 1065 1065 1065 1065 1065 1065 1065 1065 1065 1069 1069 1069 1069 1067 1064 1065 1079 1090 1 1089 1067 1068 1070 1069 1069 1069 1067 1067 1079 1090 9 1089 1081 1069 1069 1069 1070 1069 1082 9 9 9 9 9 9 5 5 9 1089 1081 1067 1076 1069 1067 1068 1077 1075 1069 1069 1069 1069 1069 1084 1085 1086 1069 1069 1070 1070 9 9 9 9 5 5 5 5 5 5 5 5 5 5 5 5 
5 5 5 5 5 5 5 5 1089 1081 1064 1065 1069 1069 1069 1069 1069 1076 1069 1069 1069 1069 1069 1069 1069 1069 1069 1069 1067 1067 1069 1082 1 9 9 1067 1068 1070 1069 1069 1069 1067 1067 1082 9 9 1 1083 1069 1069 1069 1070 1069 1082 9 1 9 9 1 9 5 9 1 9 1083 1067 1069 1069 1067 1068 1070 1069 1069 1069 1069 1069 1069 1069 1069 1069 1076 1077 1073 1070 1088 1 9 5 5 5 5 5 5 5 5 5 5 5 5 5 
5 5 5 5 5 5 5 5 9 1083 1067 1069 1069 1069 1076 1079 1080 1080 1080 1080 1080 1080 1081 1076 1069 1069 1069 1064 1065 1067 1069 1084 1088 9 1087 1067 1068 1062 1066 1069 1069 1067 1067 1082 1 9 1087 1086 1069 1069 1069 1070 1069 1084 1088 9 9 9 9 9 9 9 9 1087 1086 1067 1069 1076 1067 1077 1075 1069 1069 1069 1069 1069 1069 1077 1072 1072 1072 1073 1077 1075 1082 5 5 5 5 5 5 5 5 5 5 5 5 5 5 5 
5 5 5 5 5 5 5 5 9 1083 1067 1069 1069 1079 1080 1090 5 5 5 5 5 5 1089 1081 1069 1069 1069 1067 1069 1067 1069 1079 1090 1087 1086 1067 1068 1068 1070 1080 1080 1067 1067 1084 1085 1085 1086 1069 1069 1069 1069 1070 1069 1069 1084 1088 9 9 1087 1088 9 1 1087 1086 1069 1067 1069 1069 1074 1075 1069 1069 1069 1077 1072 1072 1072 1073 1077 1072 1072 1072 1075 1069 1082 5 5 5 5 5 5 5 5 5 5 5 5 5 5 5 
5 5 5 5 5 5 5 5 9 1083 1067 1069 1079 1090 5 5 5 5 5 5 5 5 5 1089 1081 1069 1064 1065 1064 1065 1079 1090 9 1089 1081 1074 1078 1068 1070 9 9 1067 1074 1072 1072 1072 1078 1069 1069 1069 1069 1070 1064 1066 1069 1084 1085 1085 1086 1084 1085 1085 1086 1069 1069 1074 1072 1072 1072 1072 1072 1072 1072 1073 1077 1072 1072 1072 1075 1082 5 1 1089 1080 1090 5 5 5 5 5 5 5 5 5 5 5 5 5 5 5 
5 5 5 5 5 5 5 5 1 1083 1067 1069 1082 5 5 1 9 7 7 7 7 5 5 5 1083 1069 1067 1064 1065 1069 1082 9 9 1 1089 1081 1067 1068 1070 1 9 1067 1069 1069 1069 1069 1074 1078 1069 1069 1069 1070 1067 1062 1066 1069 1069 1069 1069 1069 1069 1077 1072 1072 1072 1072 1072 1072 1072 1072 1072 1072 1072 1072 1075 1069 1079 1080 1080 1090 5 5 5 5 5 5 5 5 5 5 5 5 5 5 5 5 5 5 5 5 
5 5 5 5 5 5 5 5 9 1083 1067 1069 1084 1088 9 9 9 1 7 7 7 7 1 5 1083 1069 1067 1067 1069 1076 1082 1 9 9 9 1089 1067 1068 1070 1085 1085 1067 1069 1069 1069 1069 1069 1074 1078 1069 1069 1070 1074 1072 1075 1069 1069 1069 1069 1077 1072 1075 1082 9 5 1083 1069 1069 1069 1069 1069 1069 1082 5 1089 1080 1090 5 5 5 5 5 5 5 5 5 5 5 5 5 5 5 5 5 5 5 5 5 5 5 
5 5 5 5 5 5 5 5 9 1083 1067 1069 1069 1084 1088 1 9 9 9 7 7 9 9 5 1083 1069 1067 1067 1069 1069 1084 1085 1088 1 9 9 1067 1068 1062 1066 1069 1074 1078 1069 1069 1069 1069 1069 1067 1069 1069 1070 1077 1072 1072 1072 1072 1072 1072 1075 1079 1080 1090 1 5 1089 1081 1069 1069 1069 1069 1079 1090 9 5 5 5 5 5 5 5 5 5 5 5 5 5 5 5 5 5 5 5 5 5 5 5 5 5 5 
5 5 5 5 5 5 5 5 1 1083 1067 1069 1069 1069 1084 1085 1085 1088 9 9 9 9 1 1087 1086 1064 1065 1074 1072 1072 1072 1078 1084 1088 9 9 1067 1068 1068 1070 1069 1069 1074 254 255 1072 1078 1069 1067 1069 1069 1070 1070 1069 1069 1076 1069 1069 1079 1080 1090 5 5 5 5 1 1089 1081 1069 1069 1079 1090 9 5 5 5 5 5 5 5 5 5 5 5 5 5 5 5 5 5 5 5 5 5 5 5 5 5 5 5 
9 5 5 5 5 5 5 5 9 1083 1074 1078 1069 1069 1069 1076 1069 1084 1088 9 1 9 1087 1086 1069 1067 1064 1066 1079 1080 1081 1074 1078 1084 1085 1085 1074 1078 1068 1070 1069 1069 1069 1069 1069 1069 1067 1069 1067 1069 1069 1070 1065 1066 1069 1069 1069 1069 1082 9 5 5 5 5 5 5 9 1089 1081 1079 1090 9 1 5 5 5 5 5 5 5 5 5 5 5 5 5 5 5 5 5 5 5 5 5 5 5 5 5 5 5 
9 9 5 5 5 5 5 5 9 1089 1081 1074 1072 254 255 1072 1078 1069 1084 1085 1085 1085 1086 1069 1064 1065 1067 1070 1090 9 1089 1080 1067 1069 1069 1069 1069 1067 1068 1070 1069 1069 1069 1069 1069 1064 1065 1069 1074 1072 1078 1070 1069 1070 1069 1069 1076 1079 1090 9 1 5 5 5 5 5 9 9 1089 1090 9 9 5 5 5 5 5 5 5 5 5 5 5 5 5 5 5 5 5 5 5 5 5 5 5 5 5 5 5 5 
19 9 5 5 5 5 5 5 1 9 1089 1080 1081 1069 1069 1069 1067 1069 1076 1069 1069 1069 1069 1069 1067 1069 1067 1070 9 9 249 249 1067 1069 1069 1069 1076 1074 1078 1070 1069 1069 1064 1065 1065 1065 1069 1069 1069 1069 1074 1075 1069 1070 1076 1069 1079 1090 9 9 9 5 5 5 5 5 5 9 1 9 9 5 5 5 5 5 5 5 5 5 5 5 5 5 5 5 5 5 5 5 5 5 5 5 5 5 5 5 5 5 
15 19 1 5 5 5 5 5 5 9 9 1 1089 1080 1080 1081 1067 1069 1069 1069 1069 1069 1069 1064 1065 1069 1074 1073 249 23 9 1087 1067 1069 1069 1069 1069 1069 1067 1070 1064 1065 1065 1069 1069 1069 1069 1069 1069 1069 1069 1069 1069 1070 1069 1069 1082 9 9 1 5 5 5 5 5 5 5 5 5 5 5 5 5 5 5 5 5 5 5 5 5 5 5 5 5 5 5 5 5 5 5 5 5 5 5 5 5 5 5 5 
6 15 16 19 9 186 187 187 187 188 1 9 9 9 1 1083 1067 1069 1079 1080 1080 1081 1064 1065 1069 1069 1084 1088 9 9 1087 1086 1074 1078 1069 1069 1069 1069 1067 1070 1067 1064 1065 1066 1069 1069 1069 1069 1069 1069 1069 1069 1077 1075 1069 1069 1082 1 9 5 5 5 5 5 5 5 5 5 5 5 5 5 5 5 5 5 5 5 5 5 5 5 5 5 5 5 5 5 5 5 5 5 5 5 5 5 5 5 5 5 
6 6 6 13 189 190 191 191 191 192 193 9 1 1087 1085 1086 1067 1079 1090 1 9 1083 1074 1078 1069 1069 1069 1084 1085 1085 1086 1069 1069 1067 1076 1069 1069 1069 1067 1070 1067 1067 1069 1070 1069 1069 1069 1069 1069 1069 1069 1077 1075 1076 1069 1069 1082 9 9 9 5 5 5 5 5 5 5 5 5 5 5 5 5 5 5 5 5 5 5 5 5 5 5 5 5 5 5 5 5 5 5 5 5 5 5 5 5 5 5 5 
11 12 6 15 194 195 196 196 196 197 198 19 1087 1086 1064 1065 1065 1082 9 9 1 1089 1081 1067 1069 1069 1069 1069 1069 1069 1069 1069 1069 1067 1069 1069 1069 1069 1067 1070 1067 1067 1069 1070 1069 1077 1072 254 255 1072 1072 1075 1069 1069 1069 1069 1082 1 9 1 5 5 5 5 5 5 5 5 5 5 5 5 5 5 5 5 5 5 5 5 5 5 5 5 5 5 5 5 5 5 5 5 5 5 5 5 5 5 5 5 
9 14 6 6 199 200 201 201 201 202 203 13 1083 1069 1067 1069 1069 1082 9 249 9 9 1083 1074 1072 254 255 1072 1078 1069 1069 1069 1069 1067 1069 1069 1069 1069 1067 1070 1067 1074 1072 1075 1077 1075 1069 1079 1090 9 9 1089 1081 1069 1069 1069 1082 9 9 5 5 5 5 5 5 5 5 5 5 5 5 5 5 5 5 5 5 5 5 5 5 5 5 5 5 5 5 5 5 5 5 5 5 5 5 5 5 5 5 5 
1088 20 11 11 204 131 206 206 206 135 208 21 1083 1069 1067 1069 1069 1084 1088 1 9 1087 1086 1069 1069 1069 1069 1069 1067 1069 1069 1069 1069 1067 1069 1069 1069 1069 1067 1070 1074 1072 1072 1072 1075 1069 1079 1090 1 9 9 9 1089 1081 1069 1069 1082 9 5 1087 1088 5 5 5 5 5 5 5 5 5 5 5 5 5 5 5 5 5 5 5 5 5 5 5 5 5 5 5 5 5 5 5 5 5 5 5 5 5 5 5 
1065 1065 1065 1065 1065 1065 1065 1065 1065 1065 1065 1065 1065 1065 1065 1076 1069 1069 1084 1085 1085 1086 1069 1069 1069 1069 1069 1069 1074 1072 1072 1078 1069 1074 254 255 1072 1078 1074 1075 1069 1069 1069 1069 1069 1079 1090 9 9 9 9 1 9 1083 1069 1076 1082 249 1087 1086 1084 1088 5 5 5 5 5 5 5 5 5 5 5 5 5 5 5 5 5 5 5 5 5 5 5 5 5 5 5 5 5 5 5 5 5 5 5 5 5 5 
1069 1064 1062 1062 1062 1062 1062 1062 1062 1062 1062 1062 1062 1062 1062 1062 1062 1062 1062 1062 1062 1062 1062 1062 1062 1062 1062 1062 1062 1062 1066 1067 1069 1069 1069 1069 1069 1067 1069 1069 1069 1069 1079 1080 1080 1090 9 1 9 9 1087 1085 1085 1086 1064 1062 1062 1062 1062 1066 1069 1084 1085 1088 5 5 5 5 5 5 5 5 5 5 5 5 5 5 5 5 5 5 5 5 5 5 5 5 5 5 5 5 5 5 5 5 5 5 5 5 
1064 1062 1068 1068 1068 1061 1062 1062 1062 1062 1062 1062 1062 1062 1062 1062 1062 1062 1062 1062 1062 1062 1062 1062 1062 1062 1062 1062 1062 1063 1070 1067 1069 1069 1069 1069 1069 1067 1069 1069 1069 1079 1090 9 1 9 1 9 9 1087 1086 1064 1062 1062 1062 1068 1068 1068 1068 1062 1062 1066 1069 1084 1088 5 5 5 5 5 5 5 5 5 5 5 5 5 5 5 5 5 5 5 5 5 5 5 5 5 5 5 5 5 5 5 5 5 5 5 
1062 1068 1068 1068 1061 1062 1061 1062 1062 1062 1062 1062 1062 1062 1062 1062 1062 1062 1062 1062 1062 1062 1062 1062 1062 1062 1062 1062 1062 1070 1070 1067 1069 1069 1069 1069 1069 1067 1064 1062 1062 1062 1062 1062 1062 1062 1062 1062 1062 1062 1062 1062 1068 1068 1068 1068 1068 1068 1068 1068 1068 1062 1066 1069 1084 1085 1088 5 5 5 5 5 5 5 5 5 5 5 5 5 5 5 5 5 5 5 5 5 5 5 5 5 5 5 5 5 5 5 5 5 
1068 1068 1068 1061 1062 1061 1062 1068 1068 1068 1068 1068 1068 1068 1068 1068 1068 1068 1068 1068 1068 1068 1068 1068 1068 1068 1068 1068 1068 1070 1065 1065 1069 1069 1069 1069 1064 1062 1067 1068 1068 1068 1068 1068 1068 1068 1068 1068 1068 1068 1068 1068 1068 1068 1068 1068 1068 1068 1068 1068 1068 1068 1062 1062 1066 1069 1084 1088 5 5 5 5 5 5 5 5 5 5 5 5 5 5 5 5 5 5 5 5 5 5 5 5 5 5 5 5 5 5 5 5 
1078 1068 1068 1067 1061 1062 1068 1068 1068 1068 1068 1068 1068 1068 1068 1068 1068 1068 1068 1068 1068 1068 1068 1068 1068 1068 1068 1068 1068 1070 1069 1069 1069 1069 1064 1062 1062 1068 1067 1068 1068 1068 1068 1068 1068 1068 1068 1068 1068 1068 1068 1068 1068 1068 1068 1068 1068 1068 1068 1068 1068 1068 1068 1068 1070 1069 1069 1082 5 5 5 5 5 5 5 5 5 5 5 5 5 5 5 5 5 5 5 5 5 5 5 5 5 5 5 5 5 5 5 5 
1074 1078 1068 1067 1067 1068 1068 1068 1068 1068 1068 1068 1068 1068 1068 1068 1068 1068 1068 1068 1068 1068 1068 1068 1068 1068 1068 1068 1068 1062 1062 1062 1062 1062 1062 1068 1068 1068 1067 1068 1068 1068 1068 1068 1068 1068 1068 1068 1068 1068 1068 1068 1068 1068 1068 1068 1068 1068 1068 1068 1068 1068 1068 1068 1062 1066 1069 1082 5 5 5 5 5 5 5 5 5 5 5 5 5 5 5 5 5 5 5 5 5 5 5 5 5 5 5 5 5 5 5 5 
1069 1067 1068 1067 1067 1068 1068 1068 1068 1068 1068 1068 1068 1068 1068 1068 1068 1068 1068 1068 1068 1068 1068 1068 1068 1068 1068 1068 1068 1068 1068 1068 1068 1068 1068 1068 1068 1068 1067 1068 1068 1068 1068 1068 1068 1068 1068 1068 1068 1068 1068 1068 1068 1068 1068 1068 1068 1068 1068 1068 1068 1068 1068 1068 1068 1070 1069 1082 5 5 5 5 5 5 5 5 5 5 5 5 5 5 5 5 5 5 5 5 5 5 5 5 5 5 5 5 5 5 5 5 
1069 1067 1068 1067 1067 1068 1068 1068 1068 1068 1068 1061 1062 1062 1062 1062 1062 1062 1062 1062 1062 1062 1062 1062 1062 1062 1062 1062 1062 1062 1062 1062 1062 1062 1062 1062 1063 1068 1067 1068 1068 1068 1068 1068 1068 1068 1068 1068 1068 1068 1068 1068 1068 1068 1068 1068 1068 1068 1068 1068 1068 1068 1068 1068 1068 1070 1079 1090 5 5 5 5 5 5 5 5 5 5 5 5 5 5 5 5 5 5 5 5 5 5 5 5 5 5 5 5 5 5 5 5 
1069 1067 1068 1067 1067 1068 1068 1068 1068 1061 1062 1062 1061 1062 1062 1062 1062 1062 1062 1062 1062 1062 1062 1062 1062 1062 1062 1062 1062 1062 1062 1062 1062 1062 1062 1062 1063 1063 1067 1068 1068 1068 1068 1068 1068 1068 1068 1068 1068 1068 1068 1068 1068 1068 1068 1068 1068 1068 1068 1068 1068 1068 1068 1068 1068 1070 1090 5 5 5 5 5 5 5 5 5 5 5 5 5 5 5 5 5 5 5 5 5 5 5 5 5 5 5 5 5 5 5 5 5 
1069 1067 1068 1067 1067 1068 1061 1062 1062 1062 1068 1061 1062 1068 1068 1068 1068 1068 1068 1068 1068 1068 1068 1068 1068 1068 1068 1068 1068 1068 1068 1068 1068 1068 1068 1068 1062 1062 1062 1062 1062 1062 1062 1062 1062 1062 1062 1062 1062 1062 1062 1062 1062 1062 1062 1062 1062 1062 1062 1062 1062 1063 1068 1068 1068 1070 5 5 5 5 5 5 5 5 5 5 5 5 5 5 5 5 5 5 5 5 5 5 5 5 5 5 5 5 5 5 5 5 5 5 
1064 1062 1068 1067 1067 1061 1062 1068 1068 1061 1062 1062 1068 1068 1068 1068 1068 1068 1068 1068 1068 1068 1068 1068 1068 1068 1068 1068 1068 1068 1068 1068 1068 1068 1068 1068 1068 1068 1068 1068 1068 1068 1068 1068 1068 1068 1068 1068 1068 1068 1068 1068 1068 1068 1068 1068 1068 1068 1068 1068 1068 1062 1062 1063 1068 1070 5 5 5 5 5 5 5 5 5 5 5 5 5 5 5 5 5 5 5 5 5 5 5 5 5 5 5 5 5 5 5 5 5 5 
