964 964 964 964 964 964 964 964 964 964 964 964 964 964 964 964 964 964 964 964 964 964 964 964 964 964 964 964 964 964 964 964 964 964 964 964 964 964 964 964 964 964 964 964 964 964 964 964 964 964 964 964 964 964 964 964 964 964 964 964 964 964 964 964 964 964 964 964 964 964 964 964 964 964 964 964 964 964 964 964 964 964 964 964 964 964 964 964 964 964 964 964 964 964 964 964 964 964 964 964 
964 964 964 964 964 964 964 964 964 964 964 964 964 964 964 964 964 964 964 964 964 964 964 964 964 964 964 964 964 964 964 964 964 964 964 964 964 964 964 964 964 964 964 964 964 964 964 964 964 964 964 964 964 964 964 964 964 964 964 964 964 964 964 964 964 964 964 964 964 964 964 964 964 964 964 964 964 964 964 964 964 964 964 964 964 964 964 964 964 964 964 964 964 964 964 964 964 964 964 964 
964 964 964 964 964 964 964 964 964 964 964 964 964 964 964 964 964 964 964 964 964 964 964 964 964 964 964 964 964 964 964 964 964 964 964 964 964 964 964 964 964 964 964 964 964 964 964 964 964 964 964 964 964 964 964 964 964 964 964 964 964 964 964 964 964 964 964 964 964 964 964 964 964 964 964 964 964 964 964 964 964 964 964 964 964 964 964 964 964 964 964 964 964 964 964 964 964 964 964 964 
964 964 964 964 964 964 964 964 964 964 964 964 964 964 964 964 964 964 964 964 964 964 964 964 964 964 964 964 964 964 964 964 964 964 964 964 964 964 964 964 964 964 964 964 964 964 964 964 964 964 964 964 964 964 964 964 964 964 964 964 964 964 964 964 964 964 964 964 964 964 964 964 964 964 964 964 964 964 964 964 964 964 964 964 964 964 964 964 964 964 964 964 964 964 964 964 964 964 964 964 
964 964 964 964 964 964 964 964 964 964 964 964 964 964 964 964 964 964 964 964 964 964 964 964 964 964 964 964 964 964 964 964 964 964 964 964 964 964 964 964 964 964 964 964 964 964 964 964 964 964 964 964 964 964 964 964 964 964 964 964 964 964 964 964 964 964 964 964 964 964 964 964 964 964 964 964 964 964 964 964 964 964 964 964 964 964 964 964 964 964 964 964 964 964 964 964 964 964 964 964 
964 964 964 964 964 964 964 964 964 964 964 964 964 964 964 964 964 964 964 964 964 964 964 964 964 964 964 964 964 964 964 964 964 964 964 964 964 964 964 964 964 964 964 964 964 964 964 964 964 964 964 964 964 964 964 964 964 964 964 964 964 964 964 964 964 964 964 964 964 964 964 964 964 964 964 964 964 964 964 964 964 964 964 964 964 964 964 964 964 964 964 964 964 964 964 964 964 964 964 964 
964 964 964 964 964 964 964 964 964 964 964 964 964 964 964 964 964 964 964 964 964 964 964 964 964 964 964 964 964 964 964 964 964 964 964 964 964 964 964 964 964 964 964 964 964 964 964 964 964 964 964 964 964 964 964 964 964 964 964 964 964 964 964 964 964 964 964 964 964 964 964 964 964 964 964 964 964 964 964 964 964 964 964 964 964 964 964 964 964 964 964 964 964 964 964 964 964 964 964 964 
964 964 964 964 964 964 964 964 964 964 964 964 964 964 964 964 964 964 964 964 964 964 964 964 964 964 964 964 964 964 964 964 964 964 964 964 964 964 964 964 964 964 964 964 964 964 964 964 964 964 964 964 964 964 964 964 964 964 964 964 964 964 964 964 964 964 964 964 964 964 964 964 964 964 964 964 964 964 964 964 964 964 964 964 964 964 964 964 964 964 964 964 964 964 964 964 964 964 964 964 
964 964 964 964 964 964 964 964 964 964 964 964 964 964 964 964 964 964 964 964 964 964 964 964 964 964 964 964 964 964 964 964 964 964 964 964 964 964 964 964 964 964 964 964 964 964 964 964 964 964 964 964 964 964 964 964 964 964 964 964 964 964 964 964 964 964 964 964 964 964 964 964 964 964 964 964 964 964 964 964 964 964 964 964 964 964 964 964 964 964 964 964 964 964 964 964 964 964 964 964 
964 964 964 964 964 964 964 964 964 964 964 964 964 964 964 964 964 964 964 964 964 964 964 964 964 964 964 964 964 964 964 964 964 964 964 964 964 964 964 964 964 964 964 964 964 964 964 964 964 964 964 964 964 964 964 964 964 964 964 964 964 964 964 964 964 964 964 964 964 964 964 964 964 964 964 964 964 964 964 964 964 964 964 964 964 964 964 964 964 964 964 964 964 964 964 964 964 964 964 964 
964 964 964 964 964 964 964 964 964 964 964 964 964 964 964 964 964 964 964 964 964 964 964 964 964 964 964 964 964 964 964 964 964 964 964 964 964 964 964 964 964 964 964 964 964 964 964 964 964 964 964 964 964 964 964 964 964 964 964 964 964 964 964 964 964 964 964 964 964 964 964 964 964 964 964 964 964 964 964 964 964 964 964 964 964 964 964 964 964 964 964 964 964 964 964 964 964 964 964 964 
964 964 964 964 964 964 964 964 964 964 964 964 964 964 964 964 964 964 964 964 964 964 964 964 964 964 964 964 964 964 964 964 964 964 964 964 964 964 964 964 964 964 964 964 964 964 964 964 964 964 964 964 964 964 964 964 964 964 964 964 964 964 964 964 964 964 964 964 964 964 964 964 964 964 964 964 964 964 964 964 964 964 964 964 964 964 964 964 964 964 964 964 964 964 964 964 964 964 964 964 
964 964 964 964 964 964 964 964 964 964 964 964 964 964 964 964 964 964 964 964 964 964 964 964 964 964 964 964 964 964 964 964 964 964 964 964 964 964 964 964 964 964 964 964 964 964 964 964 964 964 964 964 964 964 964 964 964 964 964 964 964 964 964 964 964 964 964 964 964 964 964 964 964 964 964 964 964 964 964 964 964 964 964 964 964 964 964 964 964 964 964 964 964 964 964 964 964 964 964 964 
964 964 964 964 964 964 964 964 964 964 964 964 964 964 964 964 964 964 964 964 964 964 964 964 964 964 964 964 964 964 964 964 964 964 964 964 964 964 964 964 964 964 964 964 964 964 964 964 964 964 964 964 964 964 964 964 964 964 964 964 964 964 964 964 964 964 964 964 964 964 964 964 964 964 964 964 964 964 964 964 964 964 964 964 964 964 964 964 964 964 964 964 964 964 964 964 964 964 964 964 
964 964 964 964 964 964 964 964 964 964 964 964 964 964 964 964 964 964 964 964 964 964 964 964 964 964 964 964 964 964 964 964 964 964 964 964 964 964 964 964 964 964 964 964 964 964 964 964 964 964 964 964 964 964 964 964 964 964 964 964 964 964 964 964 964 964 964 964 964 964 964 964 964 964 964 964 964 964 964 964 964 964 964 964 964 964 964 964 964 964 964 964 964 964 964 964 964 964 964 964 
964 964 964 964 964 964 964 964 964 964 964 964 964 964 964 964 964 964 964 964 964 964 964 964 964 964 964 964 964 964 964 964 964 964 964 964 964 964 964 964 964 964 964 964 964 964 964 964 964 964 964 964 964 964 964 964 964 964 964 964 964 964 964 964 964 964 964 964 964 964 964 964 964 964 964 964 964 964 964 964 964 964 964 964 964 964 964 964 964 964 964 964 964 964 964 964 964 964 964 964 
964 964 964 964 964 964 964 964 964 964 964 964 964 964 964 964 964 964 964 964 964 964 964 964 964 964 964 964 964 964 964 964 964 964 964 964 964 964 964 964 964 964 964 964 964 964 964 964 964 964 964 964 964 964 964 964 964 964 964 964 964 964 964 964 964 964 964 964 964 964 964 964 964 964 964 964 964 964 964 964 964 964 964 964 964 964 964 964 964 964 964 964 964 964 964 964 964 964 964 964 
964 964 964 964 964 964 964 964 964 964 964 964 964 964 964 964 964 964 964 964 964 964 964 964 964 964 964 964 964 964 964 964 964 964 964 964 964 964 964 964 964 964 964 964 964 964 964 964 964 964 964 964 964 964 964 964 964 964 964 964 964 964 964 964 964 964 964 964 964 964 964 964 964 964 964 964 964 964 964 964 964 964 964 964 964 964 964 964 964 964 964 964 964 964 964 964 964 964 964 964 
964 964 964 964 964 964 964 964 964 964 964 964 964 964 964 964 964 964 964 964 964 964 964 964 964 964 964 964 964 964 964 964 964 964 964 964 964 964 964 964 964 964 964 964 964 964 964 964 964 964 964 964 964 964 964 964 964 964 964 964 964 964 964 964 964 964 964 964 964 964 964 964 964 964 964 964 964 964 964 964 964 964 964 964 964 964 964 964 964 964 964 964 964 964 964 964 964 964 964 964 
964 964 964 964 964 964 964 964 964 964 964 964 964 964 964 964 964 964 964 964 964 964 964 964 964 964 964 964 964 964 964 964 964 964 964 964 964 964 964 964 964 964 964 964 964 964 964 964 964 964 964 964 964 964 964 964 964 964 964 964 964 964 964 964 964 964 964 964 964 964 964 964 964 964 964 964 964 964 964 964 964 964 964 964 964 964 964 964 964 964 964 964 964 964 964 964 964 964 964 964 
964 964 964 964 964 964 964 964 964 964 964 964 964 964 964 964 964 964 964 964 964 964 964 964 964 964 964 964 964 964 964 964 964 964 964 964 964 964 964 964 964 964 964 964 964 964 964 964 964 964 964 964 964 964 964 964 964 964 964 964 964 964 964 964 964 964 964 964 964 964 964 964 964 964 964 964 964 964 964 964 964 964 964 964 964 964 964 964 964 964 964 964 964 964 964 964 964 964 964 964 
964 964 964 964 964 964 964 964 964 964 964 964 964 964 964 964 964 964 964 964 964 964 964 964 964 964 964 964 964 964 964 964 964 964 964 964 964 964 964 964 964 964 964 964 964 964 964 964 964 964 964 964 964 964 964 964 964 964 964 964 964 964 964 964 964 964 964 964 964 964 964 964 964 964 964 964 964 964 964 964 964 964 964 964 964 964 964 964 964 964 964 964 964 964 964 964 964 964 964 964 
964 964 964 964 964 964 964 964 964 964 964 964 964 964 964 964 964 964 964 964 964 964 964 964 964 964 964 964 964 964 964 964 964 964 964 964 964 964 964 964 964 964 964 964 964 964 964 964 964 964 964 964 964 964 964 964 964 964 964 964 964 964 964 964 964 964 964 964 964 964 964 964 964 964 964 964 964 964 964 964 964 964 964 964 964 964 964 964 964 964 964 964 964 964 964 964 964 964 964 964 
964 964 964 964 964 964 964 964 964 964 964 964 964 964 964 964 964 964 964 964 964 964 964 964 964 964 964 964 964 964 964 964 964 964 964 964 964 964 964 964 964 964 964 964 964 964 964 964 964 964 964 964 964 964 964 964 964 964 964 964 964 964 964 964 964 964 964 964 964 964 964 964 964 964 964 964 964 964 964 964 964 964 964 964 964 964 964 964 964 964 964 964 964 964 964 964 964 964 964 964 
964 964 964 964 964 964 964 964 964 964 964 964 964 964 964 964 964 964 964 964 964 964 964 964 964 964 964 964 964 964 964 964 964 964 964 964 964 964 964 964 964 964 964 964 964 964 964 964 964 964 964 964 964 964 964 964 964 964 964 964 964 964 964 964 964 964 964 964 964 964 964 964 964 964 964 964 964 964 964 964 964 964 964 964 964 964 964 964 964 964 964 964 964 964 964 964 964 964 964 964 
964 964 964 964 964 964 964 964 964 964 964 964 964 964 964 964 964 964 964 964 964 964 964 964 964 964 964 964 964 964 964 964 964 964 964 964 964 964 964 964 964 964 964 964 964 964 964 964 964 964 964 964 964 964 964 964 964 964 964 964 964 964 964 964 964 964 964 964 964 964 964 964 964 964 964 964 964 964 964 964 964 964 964 964 964 964 964 964 964 964 964 964 964 964 964 964 964 964 964 964 
964 964 964 964 964 964 964 964 964 964 964 964 964 964 964 964 964 964 964 964 964 964 964 964 964 964 964 964 964 964 964 964 964 964 964 964 964 964 964 964 964 964 964 964 964 964 964 964 964 964 964 964 964 964 964 964 964 964 964 964 964 964 964 964 964 964 964 964 964 964 964 964 964 964 964 964 964 964 964 964 964 964 964 964 964 964 964 964 964 964 964 964 964 964 964 964 964 964 964 964 
964 964 964 964 964 964 964 964 964 964 964 964 964 964 964 964 964 964 964 964 964 964 964 964 964 964 964 964 964 964 964 964 964 964 964 964 964 964 964 964 964 964 964 964 964 964 964 964 964 964 964 964 964 964 964 964 964 964 964 964 964 964 964 964 964 964 964 964 964 964 964 964 964 964 964 964 964 964 964 964 964 964 964 964 964 964 964 964 964 964 964 964 964 964 964 964 964 964 964 964 
964 964 964 964 964 964 964 964 964 964 964 964 964 964 964 964 964 964 964 964 964 964 964 964 964 964 964 964 964 964 964 964 964 964 964 964 964 964 964 964 964 964 964 964 964 964 964 964 964 964 964 964 964 964 964 964 964 964 964 964 964 964 964 964 964 964 964 964 964 964 964 964 964 964 964 964 964 964 964 964 964 964 964 964 964 964 964 964 964 964 964 964 964 964 964 964 964 964 964 964 
964 964 964 964 964 964 964 964 964 964 964 964 964 964 964 964 964 964 964 964 964 964 964 964 964 964 964 964 964 964 964 964 964 964 964 964 964 964 964 964 964 964 964 964 964 964 964 964 964 964 964 964 964 964 964 964 964 964 964 964 964 964 964 964 964 964 964 964 964 964 964 964 964 964 964 964 964 964 964 964 964 964 964 964 964 964 964 964 964 964 964 964 964 964 964 964 964 964 964 964 
964 964 964 964 964 964 964 964 964 964 964 964 964 964 964 964 964 964 964 964 964 964 964 964 964 964 964 964 964 964 964 964 964 964 964 964 964 964 964 964 964 964 964 964 964 964 964 964 964 964 964 964 964 964 964 964 964 964 964 964 964 964 964 964 964 964 964 964 964 964 964 964 964 964 964 964 964 964 964 964 964 964 964 964 964 964 964 964 964 964 964 964 964 964 964 964 964 964 964 964 
964 964 964 964 964 964 964 964 964 964 964 964 964 964 964 964 964 964 964 964 964 964 964 964 964 964 964 964 964 964 964 964 964 964 964 964 964 964 964 964 964 964 964 964 964 964 964 964 964 964 964 964 964 964 964 964 964 964 964 964 964 964 964 964 964 964 964 964 964 964 964 964 964 964 964 964 964 964 964 964 964 964 964 964 964 964 964 964 964 964 964 964 964 964 964 964 964 964 964 964 
964 964 964 964 964 964 964 964 964 964 964 964 964 964 964 964 964 964 964 964 964 964 964 964 964 964 964 964 964 964 964 964 964 964 964 964 964 964 964 964 964 964 964 964 964 964 964 964 964 964 964 964 964 964 964 964 964 964 964 964 964 964 964 964 964 964 964 964 964 964 964 964 964 964 964 964 964 964 964 964 964 964 964 964 964 964 964 964 964 964 964 964 964 964 964 964 964 964 964 964 
964 964 964 964 964 964 964 964 964 964 964 964 964 964 964 964 964 964 964 964 964 964 964 964 964 964 964 964 964 964 964 964 964 964 964 964 964 964 964 964 964 964 964 964 964 964 964 964 964 964 964 964 964 964 964 964 964 964 964 964 964 964 964 964 964 964 964 964 964 964 964 964 964 964 964 964 964 964 964 964 964 964 964 964 964 964 964 964 964 964 964 964 964 964 964 964 964 964 964 964 
964 964 964 964 964 964 964 964 964 964 964 964 964 964 964 964 964 964 964 964 964 964 964 964 964 964 964 964 964 964 964 964 964 964 964 964 964 964 964 964 964 964 964 964 964 964 964 964 964 964 964 964 964 964 964 964 964 964 964 964 964 964 964 964 964 964 964 964 964 964 964 964 964 964 964 964 964 964 964 964 964 964 964 964 964 964 964 964 964 964 964 964 964 964 964 964 964 964 964 964 
964 964 964 964 964 964 964 964 964 964 964 964 964 964 964 964 964 964 964 964 964 964 964 964 964 964 964 964 964 964 964 964 964 964 964 964 964 964 964 964 964 964 964 964 964 964 964 964 964 964 964 964 964 964 964 964 964 964 964 964 964 964 964 964 964 964 964 964 964 964 964 964 964 964 964 964 964 964 964 964 964 964 964 964 964 964 964 964 964 964 964 964 964 964 964 964 964 964 964 964 
964 964 964 964 964 964 964 964 964 964 964 964 964 964 964 964 964 964 964 964 964 964 964 964 964 964 964 964 964 964 964 964 964 964 964 964 964 964 964 964 964 964 964 964 964 964 964 964 964 964 964 964 964 964 964 964 964 964 964 964 964 964 964 964 964 964 964 964 964 964 964 964 964 964 964 964 964 964 964 964 964 964 964 964 964 964 964 964 964 964 964 964 964 964 964 964 964 964 964 964 
964 964 964 964 964 964 964 964 964 964 964 964 964 964 964 964 964 964 964 964 964 964 964 964 964 964 964 964 964 964 964 964 964 964 964 964 964 964 964 964 964 964 964 964 964 964 964 964 964 964 964 964 964 964 964 964 964 964 964 964 964 964 964 964 964 964 964 964 964 964 964 964 964 964 964 964 964 964 964 964 964 964 964 964 964 964 964 964 964 964 964 964 964 964 964 964 964 964 964 964 
964 964 964 964 964 964 964 964 964 964 964 964 964 964 964 964 964 964 964 964 964 964 964 964 964 964 964 964 964 964 964 964 964 964 964 964 964 964 964 964 964 964 964 964 964 964 964 964 964 964 964 964 964 964 964 964 964 964 964 964 964 964 964 964 964 964 964 964 964 964 964 964 964 964 964 964 964 964 964 964 964 964 964 964 964 964 964 964 964 964 964 964 964 964 964 964 964 964 964 964 
964 964 964 964 964 964 964 964 964 964 964 964 964 964 964 964 964 964 964 964 964 964 964 964 964 964 964 964 964 964 964 964 964 964 964 964 964 964 964 964 964 964 964 964 964 964 964 964 964 964 964 964 964 964 964 964 964 964 964 964 964 964 964 964 964 964 964 964 964 964 964 964 964 964 964 964 964 964 964 964 964 964 964 964 964 964 964 964 964 964 964 964 964 964 964 964 964 964 964 964 
964 964 964 964 964 964 964 964 964 964 964 964 964 964 964 964 964 964 964 964 964 964 964 964 964 964 964 964 964 964 964 964 964 964 964 964 964 964 964 964 964 964 964 964 964 964 964 964 964 964 964 964 964 964 964 964 964 964 964 964 964 964 964 964 964 964 964 964 964 964 964 964 964 964 964 964 964 964 964 964 964 964 964 964 964 964 964 964 964 964 964 964 964 964 964 964 964 964 964 964 
964 964 964 964 964 964 964 964 964 964 964 964 964 964 964 964 964 964 964 964 964 964 964 964 964 964 964 964 964 964 964 964 964 964 964 964 964 964 964 964 964 964 964 964 964 964 964 964 964 964 964 964 964 964 964 964 964 964 964 964 964 964 964 964 964 964 964 964 964 964 964 964 964 964 964 964 964 964 964 964 964 964 964 964 964 964 964 964 964 964 964 964 964 964 964 964 964 964 964 964 
964 964 964 964 964 964 964 964 964 964 964 964 964 964 964 964 964 964 964 964 964 964 964 964 964 964 964 964 964 964 964 964 964 964 964 964 964 964 964 964 964 964 964 964 964 964 964 964 964 964 964 964 964 964 964 964 964 964 964 964 964 964 964 964 964 964 964 964 964 964 964 964 964 964 964 964 964 964 964 964 964 964 964 964 964 964 964 964 964 964 964 964 964 964 964 964 964 964 964 964 
964 964 964 964 964 964 964 964 964 964 964 964 964 964 964 964 964 964 964 964 964 964 964 964 964 964 964 964 964 964 964 964 964 964 964 964 964 964 964 964 964 964 964 964 964 964 970 967 967 967 967 967 971 964 964 964 964 964 964 964 964 964 964 964 964 964 964 964 964 964 964 964 964 964 964 964 964 964 964 964 964 964 964 964 964 964 964 964 964 964 964 964 964 964 964 964 964 964 964 964 
964 964 964 964 964 964 964 964 964 964 964 964 964 964 964 964 964 964 964 964 964 964 964 964 964 964 964 964 964 964 964 964 964 964 964 964 964 964 964 964 964 964 964 964 964 970 968 958 958 958 958 958 966 971 958 958 958 958 964 964 964 964 964 964 964 964 964 964 964 964 964 964 964 964 964 964 964 964 964 964 964 964 964 964 964 964 964 964 964 964 964 964 964 964 964 964 964 964 964 964 
964 964 964 964 964 964 964 964 964 964 964 964 964 964 964 964 964 964 964 964 964 964 964 964 964 964 964 964 964 964 964 964 964 964 964 964 964 964 964 964 964 964 964 964 970 968 956 958 958 958 958 958 958 966 971 958 958 958 964 964 964 964 964 964 964 964 964 964 964 964 964 964 964 964 964 964 964 964 964 964 964 964 964 964 964 964 964 964 964 964 964 964 964 964 964 964 964 964 964 964 
964 964 964 964 964 964 964 964 964 964 964 964 964 964 964 964 964 964 964 964 964 964 964 964 964 964 964 964 964 964 964 964 964 964 964 964 964 964 964 964 964 964 964 964 965 956 956 958 958 958 958 958 970 971 963 958 958 958 964 964 964 964 964 964 964 964 964 964 964 964 964 964 964 964 964 964 964 964 964 964 964 964 964 964 964 964 964 964 964 964 964 964 964 964 964 964 964 964 964 964 
964 964 964 964 964 964 964 964 964 964 964 964 964 964 964 964 964 964 964 964 964 964 964 964 964 964 964 964 964 964 964 964 964 964 964 964 964 964 964 964 964 964 964 970 968 956 956 960 961 961 961 962 965 963 966 971 958 958 964 964 964 964 964 964 964 964 964 964 964 964 964 964 964 964 964 964 964 964 964 964 964 964 964 964 964 964 964 964 964 964 964 964 964 964 964 964 964 964 964 964 
964 964 964 964 964 964 964 964 964 964 964 964 964 964 964 964 964 964 964 964 964 964 964 964 964 964 964 964 964 964 964 964 964 964 964 964 964 964 964 964 964 964 964 965 956 957 956 963 958 970 971 965 965 966 971 966 971 958 964 964 964 964 964 964 964 964 964 964 964 964 964 964 964 964 964 964 964 964 964 964 964 964 964 964 964 964 964 964 964 964 964 964 964 964 964 964 964 964 964 964 
964 964 964 964 964 964 964 964 964 964 964 964 964 964 964 964 964 964 964 964 964 964 964 964 964 964 964 964 964 964 964 964 964 964 964 964 964 964 964 964 964 964 964 965 956 956 956 963 970 968 966 968 965 958 966 971 963 958 964 964 964 964 964 964 964 964 964 964 964 964 964 964 964 964 964 964 964 964 964 964 964 964 964 964 964 964 964 964 964 964 964 964 964 964 964 964 964 964 964 964 
964 964 964 964 964 964 964 964 964 964 964 964 964 964 964 964 964 964 964 964 964 964 964 964 964 964 964 964 964 964 964 964 964 964 964 964 964 964 964 964 964 964 964 965 956 956 956 966 968 958 959 958 965 958 958 963 963 958 964 964 964 964 964 964 964 964 964 964 964 964 964 964 964 964 964 964 964 964 964 964 964 964 964 964 964 964 964 964 964 964 964 964 964 964 964 964 964 964 964 964 
964 964 964 964 964 964 964 964 964 964 964 964 964 964 964 964 964 964 964 964 964 964 964 964 964 964 964 964 964 964 964 964 964 964 964 964 964 964 964 964 964 964 964 961 962 956 956 956 956 956 956 959 972 972 972 972 963 958 964 964 964 964 964 964 964 964 964 964 964 964 964 964 964 964 964 964 964 964 964 964 964 964 964 964 964 964 964 964 964 964 964 964 964 964 964 964 964 964 964 964 
964 964 964 964 964 964 964 964 964 964 964 964 964 964 964 964 964 964 964 964 964 964 964 964 964 964 964 964 964 964 964 964 964 964 964 964 964 964 964 964 964 964 964 964 965 957 956 956 958 958 956 956 956 956 956 960 961 958 964 964 964 964 964 964 964 964 964 964 964 964 964 964 964 964 964 964 964 964 964 964 964 964 964 964 964 964 964 964 964 964 964 964 964 964 964 964 964 964 964 964 
964 964 964 964 964 964 964 964 964 964 964 964 964 964 964 964 964 964 964 964 964 964 964 964 964 964 964 964 964 964 964 964 964 964 964 964 964 964 964 964 964 964 964 964 961 962 959 956 958 958 958 958 958 960 961 961 958 958 964 964 964 964 964 964 964 964 964 964 964 964 964 964 964 964 964 964 964 964 964 964 964 964 964 964 964 964 964 964 964 964 964 964 964 964 964 964 964 964 964 964 
964 964 964 964 964 964 964 964 964 964 964 964 964 964 964 964 964 964 964 964 964 964 964 964 964 964 964 964 964 964 964 964 964 964 964 964 964 964 964 964 964 964 964 964 964 961 961 962 958 958 958 960 961 961 958 958 958 958 964 964 964 964 964 964 964 964 964 964 964 964 964 964 964 964 964 964 964 964 964 964 964 964 964 964 964 964 964 964 964 964 964 964 964 964 964 964 964 964 964 964 
964 964 964 964 964 964 964 964 964 964 964 964 964 964 964 964 964 964 964 964 964 964 964 964 964 964 964 964 964 964 964 964 964 964 964 964 964 964 964 964 964 964 964 964 964 964 964 961 1091 1092 1093 961 964 964 964 964 964 964 964 964 964 964 964 964 964 964 964 964 964 964 964 964 964 964 964 964 964 964 964 964 964 964 964 964 964 964 964 964 964 964 964 964 964 964 964 964 964 964 964 964 
964 964 964 964 964 964 964 964 964 964 964 964 964 964 964 964 964 964 964 964 964 964 964 964 964 964 964 964 964 964 964 964 964 964 964 964 964 964 964 964 964 964 964 964 964 964 964 964 964 964 964 964 964 964 964 964 964 964 964 964 964 964 964 964 964 964 964 964 964 964 964 964 964 964 964 964 964 964 964 964 964 964 964 964 964 964 964 964 964 964 964 964 964 964 964 964 964 964 964 964 
964 964 964 964 964 964 964 964 964 964 964 964 964 964 964 964 964 964 964 964 964 964 964 964 964 964 964 964 964 964 964 964 964 964 964 964 964 964 964 964 964 964 964 964 964 964 964 964 964 964 964 964 964 964 964 964 964 964 964 964 964 964 964 964 964 964 964 964 964 964 964 964 964 964 964 964 964 964 964 964 964 964 964 964 964 964 964 964 964 964 964 964 964 964 964 964 964 964 964 964 
964 964 964 964 964 964 964 964 964 964 964 964 964 964 964 964 964 964 964 964 964 964 964 964 964 964 964 964 964 964 964 964 964 964 964 964 964 964 964 964 964 964 964 964 964 964 964 964 964 964 964 964 964 964 964 964 964 964 964 964 964 964 964 964 964 964 964 964 964 964 964 964 964 964 964 964 964 964 964 964 964 964 964 964 964 964 964 964 964 964 964 964 964 964 964 964 964 964 964 964 
964 964 964 964 964 964 964 964 964 964 964 964 964 964 964 964 964 964 964 964 964 964 964 964 964 964 964 964 964 964 964 964 964 964 964 964 964 964 964 964 964 964 964 964 964 964 964 964 964 964 964 964 964 964 964 964 964 964 964 964 964 964 964 964 964 964 964 964 964 964 964 964 964 964 964 964 964 964 964 964 964 964 964 964 964 964 964 964 964 964 964 964 964 964 964 964 964 964 964 964 
964 964 964 964 964 964 964 964 964 964 964 964 964 964 964 964 964 964 964 964 964 964 964 964 964 964 964 964 964 964 964 964 964 964 964 964 964 964 964 964 964 964 964 964 964 964 964 964 964 964 964 964 964 964 964 964 964 964 964 964 964 964 964 964 964 964 964 964 964 964 964 964 964 964 964 964 964 964 964 964 964 964 964 964 964 964 964 964 964 964 964 964 964 964 964 964 964 964 964 964 
964 964 964 964 964 964 964 964 964 964 964 964 964 964 964 964 964 964 964 964 964 964 964 964 964 964 964 964 964 964 964 964 964 964 964 964 964 964 964 964 964 964 964 964 964 964 964 964 964 964 964 964 964 964 964 964 964 964 964 964 964 964 964 964 964 964 964 964 964 964 964 964 964 964 964 964 964 964 964 964 964 964 964 964 964 964 964 964 964 964 964 964 964 964 964 964 964 964 964 964 
964 964 964 964 964 964 964 964 964 964 964 964 964 964 964 964 964 964 964 964 964 964 964 964 964 964 964 964 964 964 964 964 964 964 964 964 964 964 964 964 964 964 964 964 964 964 964 964 964 964 964 964 964 964 964 964 964 964 964 964 964 964 964 964 964 964 964 964 964 964 964 964 964 964 964 964 964 964 964 964 964 964 964 964 964 964 964 964 964 964 964 964 964 964 964 964 964 964 964 964 
964 964 964 964 964 964 964 964 964 964 964 964 964 964 964 964 964 964 964 964 964 964 964 964 964 964 964 964 964 964 964 964 964 964 964 964 964 964 964 964 964 964 964 964 964 964 964 964 964 964 964 964 964 964 964 964 964 964 964 964 964 964 964 964 964 964 964 964 964 964 964 964 964 964 964 964 964 964 964 964 964 964 964 964 964 964 964 964 964 964 964 964 964 964 964 964 964 964 964 964 
964 964 964 964 964 964 964 964 964 964 964 964 964 964 964 964 964 964 964 964 964 964 964 964 964 964 964 964 964 964 964 964 964 964 964 964 964 964 964 964 964 964 964 964 964 964 964 964 964 964 964 964 964 964 964 964 964 964 964 964 964 964 964 964 964 964 964 964 964 964 964 964 964 964 964 964 964 964 964 964 964 964 964 964 964 964 964 964 964 964 964 964 964 964 964 964 964 964 964 964 
964 964 964 964 964 964 964 964 964 964 964 964 964 964 964 964 964 964 964 964 964 964 964 964 964 964 964 964 964 964 964 964 964 964 964 964 964 964 964 964 964 964 964 964 964 964 964 964 964 964 964 964 964 964 964 964 964 964 964 964 964 964 964 964 964 964 964 964 964 964 964 964 964 964 964 964 964 964 964 964 964 964 964 964 964 964 964 964 964 964 964 964 964 964 964 964 964 964 964 964 
964 964 964 964 964 964 964 964 964 964 964 964 964 964 964 964 964 964 964 964 964 964 964 964 964 964 964 964 964 964 964 964 964 964 964 964 964 964 964 964 964 964 964 964 964 964 964 964 964 964 964 964 964 964 964 964 964 964 964 964 964 964 964 964 964 964 964 964 964 964 964 964 964 964 964 964 964 964 964 964 964 964 964 964 964 964 964 964 964 964 964 964 964 964 964 964 964 964 964 964 
964 964 964 964 964 964 964 964 964 964 964 964 964 964 964 964 964 964 964 964 964 964 964 964 964 964 964 964 964 964 964 964 964 964 964 964 964 964 964 964 964 964 964 964 964 964 964 964 964 964 964 964 964 964 964 964 964 964 964 964 964 964 964 964 964 964 964 964 964 964 964 964 964 964 964 964 964 964 964 964 964 964 964 964 964 964 964 964 964 964 964 964 964 964 964 964 964 964 964 964 
964 964 964 964 964 964 964 964 964 964 964 964 964 964 964 964 964 964 964 964 964 964 964 964 964 964 964 964 964 964 964 964 964 964 964 964 964 964 964 964 964 964 964 964 964 964 964 964 964 964 964 964 964 964 964 964 964 964 964 964 964 964 964 964 964 964 964 964 964 964 964 964 964 964 964 964 964 964 964 964 964 964 964 964 964 964 964 964 964 964 964 964 964 964 964 964 964 964 964 964 
964 964 964 964 964 964 964 964 964 964 964 964 964 964 964 964 964 964 964 964 964 964 964 964 964 964 964 964 964 964 964 964 964 964 964 964 964 964 964 964 964 964 964 964 964 964 964 964 964 964 964 964 964 964 964 964 964 964 964 964 964 964 964 964 964 964 964 964 964 964 964 964 964 964 964 964 964 964 964 964 964 964 964 964 964 964 964 964 964 964 964 964 964 964 964 964 964 964 964 964 
964 964 964 964 964 964 964 964 964 964 964 964 964 964 964 964 964 964 964 964 964 964 964 964 964 964 964 964 964 964 964 964 964 964 964 964 964 964 964 964 964 964 964 964 964 964 964 964 964 964 964 964 964 964 964 964 964 964 964 964 964 964 964 964 964 964 964 964 964 964 964 964 964 964 964 964 964 964 964 964 964 964 964 964 964 964 964 964 964 964 964 964 964 964 964 964 964 964 964 964 
964 964 964 964 964 964 964 964 964 964 964 964 964 964 964 964 964 964 964 964 964 964 964 964 964 964 964 964 964 964 964 964 964 964 964 964 964 964 964 964 964 964 964 964 964 964 964 964 964 964 964 964 964 964 964 964 964 964 964 964 964 964 964 964 964 964 964 964 964 964 964 964 964 964 964 964 964 964 964 964 964 964 964 964 964 964 964 964 964 964 964 964 964 964 964 964 964 964 964 964 
964 964 964 964 964 964 964 964 964 964 964 964 964 964 964 964 964 964 964 964 964 964 964 964 964 964 964 964 964 964 964 964 964 964 964 964 964 964 964 964 964 964 964 964 964 964 964 964 964 964 964 964 964 964 964 964 964 964 964 964 964 964 964 964 964 964 964 964 964 964 964 964 964 964 964 964 964 964 964 964 964 964 964 964 964 964 964 964 964 964 964 964 964 964 964 964 964 964 964 964 
964 964 964 964 964 964 964 964 964 964 964 964 964 964 964 964 964 964 964 964 964 964 964 964 964 964 964 964 964 964 964 964 964 964 964 964 964 964 964 964 964 964 964 964 964 964 964 964 964 964 964 964 964 964 964 964 964 964 964 964 964 964 964 964 964 964 964 964 964 964 964 964 964 964 964 964 964 964 964 964 964 964 964 964 964 964 964 964 964 964 964 964 964 964 964 964 964 964 964 964 
964 964 964 964 964 964 964 964 964 964 964 964 964 964 964 964 964 964 964 964 964 964 964 964 964 964 964 964 964 964 964 964 964 964 964 964 964 964 964 964 964 964 964 964 964 964 964 964 964 964 964 964 964 964 964 964 964 964 964 964 964 964 964 964 964 964 964 964 964 964 964 964 964 964 964 964 964 964 964 964 964 964 964 964 964 964 964 964 964 964 964 964 964 964 964 964 964 964 964 964 
964 964 964 964 964 964 964 964 964 964 964 964 964 964 964 964 964 964 964 964 964 964 964 964 964 964 964 964 964 964 964 964 964 964 964 964 964 964 964 964 964 964 964 964 964 964 964 964 964 964 964 964 964 964 964 964 964 964 964 964 964 964 964 964 964 964 964 964 964 964 964 964 964 964 964 964 964 964 964 964 964 964 964 964 964 964 964 964 964 964 964 964 964 964 964 964 964 964 964 964 
964 964 964 964 964 964 964 964 964 964 964 964 964 964 964 964 964 964 964 964 964 964 964 964 964 964 964 964 964 964 964 964 964 964 964 964 964 964 964 964 964 964 964 964 964 964 964 964 964 964 964 964 964 964 964 964 964 964 964 964 964 964 964 964 964 964 964 964 964 964 964 964 964 964 964 964 964 964 964 964 964 964 964 964 964 964 964 964 964 964 964 964 964 964 964 964 964 964 964 964 
964 964 964 964 964 964 964 964 964 964 964 964 964 964 964 964 964 964 964 964 964 964 964 964 964 964 964 964 964 964 964 964 964 964 964 964 964 964 964 964 964 964 964 964 964 964 964 964 964 964 964 964 964 964 964 964 964 964 964 964 964 964 964 964 964 964 964 964 964 964 964 964 964 964 964 964 964 964 964 964 964 964 964 964 964 964 964 964 964 964 964 964 964 964 964 964 964 964 964 964 
964 964 964 964 964 964 964 964 964 964 964 964 964 964 964 964 964 964 964 964 964 964 964 964 964 964 964 964 964 964 964 964 964 964 964 964 964 964 964 964 964 964 964 964 964 964 964 964 964 964 964 964 964 964 964 964 964 964 964 964 964 964 964 964 964 964 964 964 964 964 964 964 964 964 964 964 964 964 964 964 964 964 964 964 964 964 964 964 964 964 964 964 964 964 964 964 964 964 964 964 
964 964 964 964 964 964 964 964 964 964 964 964 964 964 964 964 964 964 964 964 964 964 964 964 964 964 964 964 964 964 964 964 964 964 964 964 964 964 964 964 964 964 964 964 964 964 964 964 964 964 964 964 964 964 964 964 964 964 964 964 964 964 964 964 964 964 964 964 964 964 964 964 964 964 964 964 964 964 964 964 964 964 964 964 964 964 964 964 964 964 964 964 964 964 964 964 964 964 964 964 
964 964 964 964 964 964 964 964 964 964 964 964 964 964 964 964 964 964 964 964 964 964 964 964 964 964 964 964 964 964 964 964 964 964 964 964 964 964 964 964 964 964 964 964 964 964 964 964 964 964 964 964 964 964 964 964 964 964 964 964 964 964 964 964 964 964 964 964 964 964 964 964 964 964 964 964 964 964 964 964 964 964 964 964 964 964 964 964 964 964 964 964 964 964 964 964 964 964 964 964 
964 964 964 964 964 964 964 964 964 964 964 964 964 964 964 964 964 964 964 964 964 964 964 964 964 964 964 964 964 964 964 964 964 964 964 964 964 964 964 964 964 964 964 964 964 964 964 964 964 964 964 964 964 964 964 964 964 964 964 964 964 964 964 964 964 964 964 964 964 964 964 964 964 964 964 964 964 964 964 964 964 964 964 964 964 964 964 964 964 964 964 964 964 964 964 964 964 964 964 964 
964 964 964 964 964 964 964 964 964 964 964 964 964 964 964 964 964 964 964 964 964 964 964 964 964 964 964 964 964 964 964 964 964 964 964 964 964 964 964 964 964 964 964 964 964 964 964 964 964 964 964 964 964 964 964 964 964 964 964 964 964 964 964 964 964 964 964 964 964 964 964 964 964 964 964 964 964 964 964 964 964 964 964 964 964 964 964 964 964 964 964 964 964 964 964 964 964 964 964 964 
964 964 964 964 964 964 964 964 964 964 964 964 964 964 964 964 964 964 964 964 964 964 964 964 964 964 964 964 964 964 964 964 964 964 964 964 964 964 964 964 964 964 964 964 964 964 964 964 964 964 964 964 964 964 964 964 964 964 964 964 964 964 964 964 964 964 964 964 964 964 964 964 964 964 964 964 964 964 964 964 964 964 964 964 964 964 964 964 964 964 964 964 964 964 964 964 964 964 964 964 
964 964 964 964 964 964 964 964 964 964 964 964 964 964 964 964 964 964 964 964 964 964 964 964 964 964 964 964 964 964 964 964 964 964 964 964 964 964 964 964 964 964 964 964 964 964 964 964 964 964 964 964 964 964 964 964 964 964 964 964 964 964 964 964 964 964 964 964 964 964 964 964 964 964 964 964 964 964 964 964 964 964 964 964 964 964 964 964 964 964 964 964 964 964 964 964 964 964 964 964 
964 964 964 964 964 964 964 964 964 964 964 964 964 964 964 964 964 964 964 964 964 964 964 964 964 964 964 964 964 964 964 964 964 964 964 964 964 964 964 964 964 964 964 964 964 964 964 964 964 964 964 964 964 964 964 964 964 964 964 964 964 964 964 964 964 964 964 964 964 964 964 964 964 964 964 964 964 964 964 964 964 964 964 964 964 964 964 964 964 964 964 964 964 964 964 964 964 964 964 964 
964 964 964 964 964 964 964 964 964 964 964 964 964 964 964 964 964 964 964 964 964 964 964 964 964 964 964 964 964 964 964 964 964 964 964 964 964 964 964 964 964 964 964 964 964 964 964 964 964 964 964 964 964 964 964 964 964 964 964 964 964 964 964 964 964 964 964 964 964 964 964 964 964 964 964 964 964 964 964 964 964 964 964 964 964 964 964 964 964 964 964 964 964 964 964 964 964 964 964 964 
964 964 964 964 964 964 964 964 964 964 964 964 964 964 964 964 964 964 964 964 964 964 964 964 964 964 964 964 964 964 964 964 964 964 964 964 964 964 964 964 964 964 964 964 964 964 964 964 964 964 964 964 964 964 964 964 964 964 964 964 964 964 964 964 964 964 964 964 964 964 964 964 964 964 964 964 964 964 964 964 964 964 964 964 964 964 964 964 964 964 964 964 964 964 964 964 964 964 964 964 
964 964 964 964 964 964 964 964 964 964 964 964 964 964 964 964 964 964 964 964 964 964 964 964 964 964 964 964 964 964 964 964 964 964 964 964 964 964 964 964 964 964 964 964 964 964 964 964 964 964 964 964 964 964 964 964 964 964 964 964 964 964 964 964 964 964 964 964 964 964 964 964 964 964 964 964 964 964 964 964 964 964 964 964 964 964 964 964 964 964 964 964 964 964 964 964 964 964 964 964 
964 964 964 964 964 964 964 964 964 964 964 964 964 964 964 964 964 964 964 964 964 964 964 964 964 964 964 964 964 964 964 964 964 964 964 964 964 964 964 964 964 964 964 964 964 964 964 964 964 964 964 964 964 964 964 964 964 964 964 964 964 964 964 964 964 964 964 964 964 964 964 964 964 964 964 964 964 964 964 964 964 964 964 964 964 964 964 964 964 964 964 964 964 964 964 964 964 964 964 964 
964 964 964 964 964 964 964 964 964 964 964 964 964 964 964 964 964 964 964 964 964 964 964 964 964 964 964 964 964 964 964 964 964 964 964 964 964 964 964 964 964 964 964 964 964 964 964 964 964 964 964 964 964 964 964 964 964 964 964 964 964 964 964 964 964 964 964 964 964 964 964 964 964 964 964 964 964 964 964 964 964 964 964 964 964 964 964 964 964 964 964 964 964 964 964 964 964 964 964 964 
964 964 964 964 964 964 964 964 964 964 964 964 964 964 964 964 964 964 964 964 964 964 964 964 964 964 964 964 964 964 964 964 964 964 964 964 964 964 964 964 964 964 964 964 964 964 964 964 964 964 964 964 964 964 964 964 964 964 964 964 964 964 964 964 964 964 964 964 964 964 964 964 964 964 964 964 964 964 964 964 964 964 964 964 964 964 964 964 964 964 964 964 964 964 964 964 964 964 964 964 
964 964 964 964 964 964 964 964 964 964 964 964 964 964 964 964 964 964 964 964 964 964 964 964 964 964 964 964 964 964 964 964 964 964 964 964 964 964 964 964 964 964 964 964 964 964 964 964 964 964 964 964 964 964 964 964 964 964 964 964 964 964 964 964 964 964 964 964 964 964 964 964 964 964 964 964 964 964 964 964 964 964 964 964 964 964 964 964 964 964 964 964 964 964 964 964 964 964 964 964 
964 964 964 964 964 964 964 964 964 964 964 964 964 964 964 964 964 964 964 964 964 964 964 964 964 964 964 964 964 964 964 964 964 964 964 964 964 964 964 964 964 964 964 964 964 964 964 964 964 964 964 964 964 964 964 964 964 964 964 964 964 964 964 964 964 964 964 964 964 964 964 964 964 964 964 964 964 964 964 964 964 964 964 964 964 964 964 964 964 964 964 964 964 964 964 964 964 964 964 964 
964 964 964 964 964 964 964 964 964 964 964 964 964 964 964 964 964 964 964 964 964 964 964 964 964 964 964 964 964 964 964 964 964 964 964 964 964 964 964 964 964 964 964 964 964 964 964 964 964 964 964 964 964 964 964 964 964 964 964 964 964 964 964 964 964 964 964 964 964 964 964 964 964 964 964 964 964 964 964 964 964 964 964 964 964 964 964 964 964 964 964 964 964 964 964 964 964 964 964 964 
964 964 964 964 964 964 964 964 964 964 964 964 964 964 964 964 964 964 964 964 964 964 964 964 964 964 964 964 964 964 964 964 964 964 964 964 964 964 964 964 964 964 964 964 964 964 964 964 964 964 964 964 964 964 964 964 964 964 964 964 964 964 964 964 964 964 964 964 964 964 964 964 964 964 964 964 964 964 964 964 964 964 964 964 964 964 964 964 964 964 964 964 964 964 964 964 964 964 964 964 
964 964 964 964 964 964 964 964 964 964 964 964 964 964 964 964 964 964 964 964 964 964 964 964 964 964 964 964 964 964 964 964 964 964 964 964 964 964 964 964 964 964 964 964 964 964 964 964 964 964 964 964 964 964 964 964 964 964 964 964 964 964 964 964 964 964 964 964 964 964 964 964 964 964 964 964 964 964 964 964 964 964 964 964 964 964 964 964 964 964 964 964 964 964 964 964 964 964 964 964 
964 964 964 964 964 964 964 964 964 964 964 964 964 964 964 964 964 964 964 964 964 964 964 964 964 964 964 964 964 964 964 964 964 964 964 964 964 964 964 964 964 964 964 964 964 964 964 964 964 964 964 964 964 964 964 964 964 964 964 964 964 964 964 964 964 964 964 964 964 964 964 964 964 964 964 964 964 964 964 964 964 964 964 964 964 964 964 964 964 964 964 964 964 964 964 964 964 964 964 964 
964 964 964 964 964 964 964 964 964 964 964 964 964 964 964 964 964 964 964 964 964 964 964 964 964 964 964 964 964 964 964 964 964 964 964 964 964 964 964 964 964 964 964 964 964 964 964 964 964 964 964 964 964 964 964 964 964 964 964 964 964 964 964 964 964 964 964 964 964 964 964 964 964 964 964 964 964 964 964 964 964 964 964 964 964 964 964 964 964 964 964 964 964 964 964 964 964 964 964 964 
964 964 964 964 964 964 964 964 964 964 964 964 964 964 964 964 964 964 964 964 964 964 964 964 964 964 964 964 964 964 964 964 964 964 964 964 964 964 964 964 964 964 964 964 964 964 964 964 964 964 964 964 964 964 964 964 964 964 964 964 964 964 964 964 964 964 964 964 964 964 964 964 964 964 964 964 964 964 964 964 964 964 964 964 964 964 964 964 964 964 964 964 964 964 964 964 964 964 964 964 
