265 265 265 265 265 265 265 265 265 265 265 265 265 265 265 265 265 265 265 265 265 265 265 265 265 265 265 265 265 265 265 265 265 265 265 265 265 265 265 265 265 265 265 265 265 265 265 265 265 265 265 265 265 265 265 265 265 265 265 265 265 265 265 265 265 265 265 265 265 265 265 265 265 265 265 265 265 265 265 265 265 265 265 265 265 265 265 265 265 265 265 265 265 265 265 265 265 265 265 265 
265 265 265 265 265 265 265 265 265 265 265 265 265 265 265 265 265 265 265 265 265 265 265 265 265 265 265 265 265 265 265 265 265 265 265 265 265 265 265 265 265 265 265 265 265 265 265 265 265 265 265 265 265 265 265 265 265 265 265 265 265 265 265 265 265 265 265 265 265 265 265 265 265 265 265 265 265 265 265 265 265 265 265 265 265 265 265 265 265 265 265 265 265 265 265 265 265 265 265 265 
265 265 265 265 265 265 265 265 265 265 265 265 265 265 265 265 265 265 265 265 265 265 265 265 265 265 265 265 265 265 265 265 265 265 265 265 265 265 265 265 265 265 265 265 265 265 265 265 265 265 265 265 265 265 265 265 265 265 265 265 265 265 265 265 265 265 265 265 265 265 265 265 265 265 265 265 265 265 265 265 265 265 265 265 265 265 265 265 265 265 265 265 265 265 265 265 265 265 265 265 
265 265 265 265 265 265 265 265 265 265 265 265 265 265 265 265 265 265 265 265 265 265 265 265 265 265 265 265 265 265 265 265 265 265 265 265 265 265 265 265 265 265 265 265 265 265 265 265 265 265 265 265 265 265 265 265 265 265 265 265 265 265 265 265 265 265 265 265 265 265 265 265 265 265 265 265 265 265 265 265 265 265 265 265 265 265 265 265 265 265 265 265 265 265 265 265 265 265 265 265 
265 265 265 265 265 265 265 265 265 265 265 265 265 265 265 265 265 265 265 265 265 265 265 265 265 265 265 265 265 265 265 265 265 265 265 265 265 265 265 265 265 265 265 265 265 265 265 265 265 265 265 265 265 265 265 265 265 265 265 265 265 265 265 265 265 265 265 265 265 265 265 265 265 265 265 265 265 265 265 265 265 265 265 265 265 265 265 265 265 265 265 265 265 265 265 265 265 265 265 265 
265 265 265 265 265 265 265 265 265 265 265 265 265 265 265 265 265 265 265 265 265 265 265 265 265 265 265 265 265 265 265 265 265 265 265 265 265 265 265 265 265 265 265 265 265 265 265 265 265 265 265 265 265 265 265 265 265 265 265 265 265 265 265 265 265 265 265 265 265 265 265 265 265 265 265 265 265 265 265 265 265 265 265 265 265 265 265 265 265 265 265 265 265 265 265 265 265 265 265 265 
265 265 265 265 265 265 265 265 265 265 265 265 265 265 265 265 265 265 265 265 265 265 265 265 265 265 265 265 265 265 265 265 265 265 265 265 265 265 265 265 265 265 265 265 265 265 265 265 265 265 265 265 265 265 265 265 265 265 265 265 265 265 265 265 265 265 265 265 265 265 265 265 265 265 265 265 265 265 265 265 265 265 265 265 265 265 265 265 265 265 265 265 265 265 265 265 265 265 265 265 
265 265 265 265 265 265 265 265 265 265 265 265 265 265 265 265 265 265 265 265 265 265 265 265 265 265 265 265 265 265 265 265 265 265 265 265 265 265 265 265 265 265 265 265 265 265 265 265 265 265 265 265 265 265 265 265 265 265 265 265 265 265 265 265 265 265 265 265 265 265 265 265 265 265 265 265 265 265 265 265 265 265 265 265 265 265 265 265 265 265 265 265 265 265 265 265 265 265 265 265 
265 265 265 265 265 265 265 265 265 265 265 265 265 265 265 265 265 265 265 265 265 265 265 265 265 265 265 265 265 265 265 265 265 265 265 265 265 265 265 265 265 265 265 265 265 265 265 265 265 265 265 265 265 265 265 265 265 265 265 265 265 265 265 265 265 265 265 265 265 265 265 265 265 265 265 265 265 265 265 265 265 265 265 265 265 265 265 265 265 265 265 265 265 265 265 265 265 265 265 265 
265 265 265 265 265 265 265 265 265 265 265 265 265 265 265 265 265 265 265 265 265 265 265 265 265 265 265 265 265 265 265 265 265 265 265 265 265 265 265 265 265 265 265 265 265 265 265 265 265 265 265 265 265 265 265 265 265 265 265 265 265 265 265 265 265 265 265 265 265 265 265 265 265 265 265 265 265 265 265 265 265 265 265 265 265 265 265 265 265 265 265 265 265 265 265 265 265 265 265 265 
265 265 265 265 265 265 265 265 265 265 265 265 265 265 265 265 265 265 265 265 265 265 265 265 265 265 265 265 265 265 265 265 265 265 265 265 265 265 265 265 265 265 265 265 265 265 265 265 265 265 265 265 265 265 265 265 265 265 265 265 265 265 265 265 265 265 265 265 265 265 265 265 265 265 265 265 265 265 265 265 265 265 265 265 265 265 265 265 265 265 265 265 265 265 265 265 265 265 265 265 
265 265 265 265 265 265 265 265 265 265 265 265 265 265 265 265 265 265 265 265 265 265 265 265 265 265 265 265 265 265 265 265 265 265 265 265 265 265 265 265 265 265 265 265 265 265 265 265 265 265 265 265 265 265 265 265 265 265 265 265 265 265 265 265 265 265 265 265 265 265 265 265 265 265 265 265 265 265 265 265 265 265 265 265 265 265 265 265 265 265 265 265 265 265 265 265 265 265 265 265 
265 265 265 265 265 265 265 265 265 265 265 265 265 265 265 265 265 265 265 265 265 265 265 265 265 265 265 265 265 265 265 265 265 265 265 265 265 265 265 265 265 265 265 265 265 265 265 265 265 265 265 265 265 265 265 265 265 265 265 265 265 265 265 265 265 265 265 265 265 265 265 265 265 265 265 265 265 265 265 265 265 265 265 265 265 265 265 265 265 265 265 265 265 265 265 265 265 265 265 265 
265 265 265 265 265 265 265 265 265 265 265 265 265 265 265 265 265 265 265 265 265 265 265 265 265 265 265 265 265 265 265 265 265 265 265 265 265 265 265 265 265 265 265 265 265 265 265 265 265 265 265 265 265 265 265 265 265 265 265 265 265 265 265 265 265 265 265 265 265 265 265 265 265 265 265 265 265 265 265 265 265 265 265 265 265 265 265 265 265 265 265 265 265 265 265 265 265 265 265 265 
265 265 265 265 265 265 265 265 265 265 265 265 265 265 265 265 265 265 265 265 265 265 265 265 265 265 265 265 265 265 265 265 265 265 265 265 265 265 265 265 265 265 265 265 265 265 265 265 265 265 265 265 265 265 265 265 265 265 265 265 265 265 265 265 265 265 265 265 265 265 265 265 265 265 265 265 265 265 265 265 265 265 265 265 265 265 265 265 265 265 265 265 265 265 265 265 265 265 265 265 
265 265 265 265 265 265 265 265 265 265 265 265 265 265 265 265 265 265 265 265 265 265 265 265 265 265 265 265 265 265 265 265 265 265 265 265 265 265 265 265 265 265 265 265 265 265 265 265 265 265 265 265 265 265 265 265 265 265 265 265 265 265 265 265 265 265 265 265 265 265 265 265 265 265 265 265 265 265 265 265 265 265 265 265 265 265 265 265 265 265 265 265 265 265 265 265 265 265 265 265 
265 265 265 265 265 265 265 265 265 265 265 265 265 265 265 265 265 265 265 265 265 265 265 265 265 265 265 265 265 265 265 265 265 265 265 265 265 265 265 265 265 265 265 265 265 265 265 265 265 265 265 265 265 265 265 265 265 265 265 265 265 265 265 265 265 265 265 265 265 265 265 265 265 265 265 265 265 265 265 265 265 265 265 265 265 265 265 265 265 265 265 265 265 265 265 265 265 265 265 265 
265 265 265 265 265 265 265 265 265 265 265 265 265 265 265 265 265 265 265 265 265 265 265 265 265 265 265 265 265 265 265 265 265 265 265 265 265 265 265 265 265 265 265 265 265 265 265 265 265 265 265 265 265 265 265 265 265 265 265 265 265 265 265 265 265 265 265 265 265 265 265 265 265 265 265 265 265 265 265 265 265 265 265 265 265 265 265 265 265 265 265 265 265 265 265 265 265 265 265 265 
265 265 265 265 265 265 265 265 265 265 265 265 265 265 265 265 265 265 265 265 265 265 265 265 265 265 265 265 265 265 265 265 265 265 265 265 265 265 265 265 265 265 265 265 265 265 265 265 265 265 265 265 265 265 265 265 265 265 265 265 265 265 265 265 265 265 265 265 265 265 265 265 265 265 265 265 265 265 265 265 265 265 265 265 265 265 265 265 265 265 265 265 265 265 265 265 265 265 265 265 
265 265 265 265 265 265 265 265 265 265 265 265 265 265 265 265 265 265 265 265 265 265 265 265 265 265 265 265 265 265 265 265 265 265 265 265 265 265 265 265 265 265 265 265 265 265 265 265 265 265 265 265 265 265 265 265 265 265 265 265 265 265 265 265 265 265 265 265 265 265 265 265 265 265 265 265 265 265 265 265 265 265 265 265 265 265 265 265 265 265 265 265 265 265 265 265 265 265 265 265 
265 265 265 265 265 265 265 265 265 265 265 265 265 265 265 265 265 265 265 265 265 265 265 265 265 265 265 265 265 265 265 265 265 265 265 265 265 265 265 265 265 265 265 265 265 265 265 265 265 265 265 265 265 265 265 265 265 265 265 265 265 265 265 265 265 265 265 265 265 265 265 265 265 265 265 265 265 265 265 265 265 265 265 265 265 265 265 265 265 265 265 265 265 265 265 265 265 265 265 265 
265 265 265 265 265 265 265 265 265 265 265 265 265 265 265 265 265 265 265 265 265 265 265 265 265 265 265 265 265 265 265 265 265 265 265 265 265 265 265 265 265 265 265 265 265 265 265 265 265 265 265 265 265 265 265 265 265 265 265 265 265 265 265 265 265 265 265 265 265 265 265 265 265 265 265 265 265 265 265 265 265 265 265 265 265 265 265 265 265 265 265 265 265 265 265 265 265 265 265 265 
265 265 265 265 265 265 265 265 265 265 265 265 265 265 265 265 265 265 265 265 265 265 265 265 265 265 265 265 265 265 265 265 265 265 265 265 265 265 265 265 265 265 265 265 265 265 265 265 265 265 265 265 265 265 265 265 265 265 265 265 265 265 265 265 265 265 265 265 265 265 265 265 265 265 265 265 265 265 265 265 265 265 265 265 265 265 265 265 265 265 265 265 265 265 265 265 265 265 265 265 
265 265 265 265 265 265 265 265 265 265 265 265 265 265 265 265 265 265 265 265 265 265 265 265 265 265 265 265 265 265 265 265 265 265 265 265 265 265 265 265 265 265 265 265 265 265 265 265 265 265 265 265 265 265 265 265 265 265 265 265 265 265 265 265 265 265 265 265 265 265 265 265 265 265 265 265 265 265 265 265 265 265 265 265 265 265 265 265 265 265 265 265 265 265 265 265 265 265 265 265 
265 265 265 265 265 265 265 265 265 265 265 265 265 265 265 265 265 265 265 265 265 265 265 265 265 265 265 265 265 265 265 265 265 265 265 265 265 265 265 265 265 265 265 265 265 265 265 265 265 265 265 265 265 265 265 265 265 265 265 265 265 265 265 265 265 265 265 265 265 265 265 265 265 265 265 265 265 265 265 265 265 265 265 265 265 265 265 265 265 265 265 265 265 265 265 265 265 265 265 265 
265 265 265 265 265 265 265 265 265 265 265 265 265 265 265 265 265 265 265 265 265 265 265 265 265 265 265 265 265 265 265 265 265 265 265 265 265 265 265 265 265 265 265 265 265 265 265 265 265 265 265 265 265 265 265 265 265 265 265 265 265 265 265 265 265 265 265 265 265 265 265 265 265 265 265 265 265 265 265 265 265 265 265 265 265 265 265 265 265 265 265 265 265 265 265 265 265 265 265 265 
265 265 265 265 265 265 265 265 265 265 265 265 265 265 265 265 265 265 265 265 265 265 265 265 265 265 265 265 265 265 265 265 265 265 265 265 265 265 265 265 265 265 265 265 265 265 265 265 265 265 265 265 265 265 265 265 265 265 265 265 265 265 265 265 265 265 265 265 265 265 265 265 265 265 265 265 265 265 265 265 265 265 265 265 265 265 265 265 265 265 265 265 265 265 265 265 265 265 265 265 
265 265 265 265 265 265 265 265 265 265 265 265 265 265 265 265 265 265 265 265 265 265 265 265 265 265 265 265 265 265 265 265 265 265 265 265 265 265 265 265 265 265 265 265 265 265 265 265 265 265 265 265 265 265 265 265 265 265 265 265 265 265 265 265 265 265 265 265 265 265 265 265 265 265 265 265 265 265 265 265 265 265 265 265 265 265 265 265 265 265 265 265 265 265 265 265 265 265 265 265 
265 265 265 265 265 265 265 265 265 265 265 265 265 265 265 265 265 265 265 265 265 265 265 265 265 265 265 265 265 265 265 265 265 265 265 265 265 265 265 265 265 265 265 265 265 265 265 265 265 265 265 265 265 265 265 265 265 265 265 265 265 265 265 265 265 265 265 265 265 265 265 265 265 265 265 265 265 265 265 265 265 265 265 265 265 265 265 265 265 265 265 265 265 265 265 265 265 265 265 265 
265 265 265 265 265 265 265 265 265 265 265 265 265 265 265 265 265 265 265 265 265 265 265 265 265 265 265 265 265 265 265 265 265 265 265 265 265 265 265 265 265 265 265 265 265 265 265 265 265 265 265 265 265 265 265 265 265 265 265 265 265 265 265 265 265 265 265 265 265 265 265 265 265 265 265 265 265 265 265 265 265 265 265 265 265 265 265 265 265 265 265 265 265 265 265 265 265 265 265 265 
265 265 265 265 265 265 265 265 265 265 265 265 265 265 265 265 265 265 265 265 265 265 265 265 265 265 265 265 265 265 265 265 265 265 265 265 265 265 265 265 265 265 265 265 265 265 265 265 265 265 265 265 265 265 265 265 265 265 265 265 265 265 265 265 265 265 265 265 265 265 265 265 265 265 265 265 265 265 265 265 265 265 265 265 265 265 265 265 265 265 265 265 265 265 265 265 265 265 265 265 
265 265 265 265 265 265 265 265 265 265 265 265 265 265 265 265 265 265 265 265 265 265 265 265 265 265 265 265 265 265 265 265 265 265 265 265 265 265 265 265 265 265 265 265 265 265 265 265 265 265 265 265 265 265 265 265 265 265 265 265 265 265 265 265 265 265 265 265 265 265 265 265 265 265 265 265 265 265 265 265 265 265 265 265 265 265 265 265 265 265 265 265 265 265 265 265 265 265 265 265 
265 265 265 265 265 265 265 265 265 265 265 265 265 265 265 265 265 265 265 265 265 265 265 265 265 265 265 265 265 265 265 265 265 265 265 265 265 265 265 265 265 265 265 265 265 265 265 265 265 265 265 265 265 265 265 265 265 265 265 265 265 265 265 265 265 265 265 265 265 265 265 265 265 265 265 265 265 265 265 265 265 265 265 265 265 265 265 265 265 265 265 265 265 265 265 265 265 265 265 265 
265 265 265 265 265 265 265 265 265 265 265 265 265 265 265 265 265 265 265 265 265 265 265 265 265 265 265 265 265 265 265 265 265 265 265 265 265 265 265 265 265 265 265 265 265 265 265 265 265 265 265 265 265 265 265 265 265 265 265 265 265 265 265 265 265 265 265 265 265 265 265 265 265 265 265 265 265 265 265 265 265 265 265 265 265 265 265 265 265 265 265 265 265 265 265 265 265 265 265 265 
265 265 265 265 265 265 265 265 265 265 265 265 265 265 265 265 265 265 265 265 265 265 265 265 265 265 265 265 265 265 265 265 265 265 265 265 265 265 265 265 265 265 265 265 265 265 265 265 265 265 265 265 265 265 265 265 265 265 265 265 265 265 265 265 265 265 265 265 265 265 265 265 265 265 265 265 265 265 265 265 265 265 265 265 265 265 265 265 265 265 265 265 265 265 265 265 265 265 265 265 
265 265 265 265 265 265 265 265 265 265 265 265 265 265 265 265 265 265 265 265 265 265 265 265 265 265 265 265 265 265 265 265 265 265 265 265 265 265 265 265 265 265 265 265 265 265 265 265 265 265 265 265 265 265 265 265 265 265 265 265 265 265 265 265 265 265 265 265 265 265 265 265 265 265 265 265 265 265 265 265 265 265 265 265 265 265 265 265 265 265 265 265 265 265 265 265 265 265 265 265 
265 265 265 265 265 265 265 265 265 265 265 265 265 265 265 265 265 265 265 265 265 265 265 265 265 265 265 265 265 265 265 265 265 265 265 265 265 265 265 265 265 265 265 265 265 265 265 265 265 265 265 265 265 265 265 265 265 265 265 265 265 265 265 265 265 265 265 265 265 265 265 265 265 265 265 265 265 265 265 265 265 265 265 265 265 265 265 265 265 265 265 265 265 265 265 265 265 265 265 265 
265 265 265 265 265 265 265 265 265 265 265 265 265 265 265 265 265 265 265 265 265 265 265 265 265 265 265 265 265 265 265 265 265 265 265 265 265 265 265 265 265 265 265 265 265 265 265 265 265 265 265 265 265 265 265 265 265 265 265 265 265 265 265 265 265 265 265 265 265 265 265 265 265 265 265 265 265 265 265 265 265 265 265 265 265 265 265 265 265 265 265 265 265 265 265 265 265 265 265 265 
265 265 265 265 265 265 265 265 265 265 265 265 265 265 265 265 265 265 265 265 265 265 265 265 265 265 265 265 265 265 265 265 265 265 265 265 265 265 265 265 265 265 265 265 265 265 265 265 265 265 265 265 265 265 265 265 265 265 265 265 265 265 265 265 265 265 265 265 265 265 265 265 265 265 265 265 265 265 265 265 265 265 265 265 265 265 265 265 265 265 265 265 265 265 265 265 265 265 265 265 
265 265 265 265 265 265 265 265 265 265 265 265 265 265 265 265 265 265 265 265 265 265 265 265 265 265 265 265 265 265 265 265 265 265 265 265 265 265 265 265 265 265 265 265 265 265 265 265 265 265 265 265 265 265 265 265 265 265 265 265 265 265 265 265 265 265 265 265 265 265 265 265 265 265 265 265 265 265 265 265 265 265 265 265 265 265 265 265 265 265 265 265 265 265 265 265 265 265 265 265 
265 265 265 265 265 265 265 265 265 265 265 265 265 265 265 265 265 265 265 265 265 265 265 265 265 265 265 265 265 265 265 265 265 265 265 265 265 265 265 265 265 265 265 265 265 265 265 265 265 265 265 265 265 265 265 265 265 265 265 265 265 265 265 265 265 265 265 265 265 265 265 265 265 265 265 265 265 265 265 265 265 265 265 265 265 265 265 265 265 265 265 265 265 265 265 265 265 265 265 265 
265 265 265 265 265 265 265 265 265 265 265 265 265 265 265 265 265 265 265 265 265 265 265 265 265 265 265 265 265 265 265 265 265 265 265 265 265 265 265 265 265 265 265 265 265 265 265 265 265 265 265 265 265 265 265 265 265 265 265 265 265 265 265 265 265 265 265 265 265 265 265 265 265 265 265 265 265 265 265 265 265 265 265 265 265 265 265 265 265 265 265 265 265 265 265 265 265 265 265 265 
265 265 265 265 265 265 265 265 265 265 265 265 265 265 265 265 265 265 265 265 265 265 265 265 265 265 265 265 265 265 265 265 265 265 265 265 265 265 265 265 265 265 265 265 265 265 265 265 265 265 265 265 265 265 265 265 265 265 265 265 265 265 265 265 265 265 265 265 265 265 265 265 265 265 265 265 265 265 265 265 265 265 265 265 265 265 265 265 265 265 265 265 265 265 265 265 265 265 265 265 
265 265 265 265 265 265 265 265 265 265 265 265 265 265 265 265 265 265 265 265 265 265 265 265 265 265 265 265 265 265 265 265 265 265 265 265 265 265 265 265 265 265 265 265 265 265 265 265 265 265 265 265 265 265 265 265 265 265 265 265 265 265 265 265 265 265 265 265 265 265 265 265 265 265 265 265 265 265 265 265 265 265 265 265 265 265 265 265 265 265 265 265 265 265 265 265 265 265 265 265 
265 265 265 265 265 265 265 265 265 265 265 265 265 265 265 265 265 265 265 265 265 265 265 265 265 265 265 265 265 265 265 265 265 265 265 265 265 265 265 265 265 265 265 265 265 265 265 265 265 265 265 265 265 265 265 265 265 265 265 265 265 265 265 265 265 265 265 265 265 265 265 265 265 265 265 265 265 265 265 265 265 265 265 265 265 265 265 265 265 265 265 265 265 265 265 265 265 265 265 265 
265 265 265 265 265 265 265 265 265 265 265 265 265 265 265 265 265 265 265 265 265 265 265 265 265 265 265 265 265 265 265 265 265 265 265 265 265 265 265 265 265 265 265 265 265 265 265 265 265 265 265 265 265 265 265 265 265 265 265 265 265 265 265 265 265 265 265 265 265 265 265 265 265 265 265 265 265 265 265 265 265 265 265 265 265 265 265 265 265 265 265 265 265 265 265 265 265 265 265 265 
265 265 265 265 265 265 265 265 265 265 265 265 265 265 265 265 265 265 265 265 265 265 265 265 265 265 265 265 265 265 265 265 265 265 265 265 265 265 265 265 265 265 265 265 265 265 265 265 265 265 265 265 265 265 265 265 265 265 265 265 265 265 265 265 265 265 265 265 265 265 265 265 265 265 265 265 265 265 265 265 265 265 265 265 265 265 265 265 265 265 265 265 265 265 265 265 265 265 265 265 
265 265 265 265 265 265 265 265 265 265 265 265 265 265 265 265 265 265 265 265 265 265 265 265 265 265 265 265 265 265 265 265 265 265 265 265 265 265 265 265 265 265 265 265 265 265 265 265 265 265 265 265 265 265 265 265 265 265 265 265 265 265 265 265 265 265 265 265 265 265 265 265 265 265 265 265 265 265 265 265 265 265 265 265 265 265 265 265 265 265 265 265 265 265 265 265 265 265 265 265 
265 265 265 265 265 265 265 265 265 265 265 265 265 265 265 265 265 265 265 265 265 265 265 265 265 265 265 265 265 265 265 265 265 265 265 265 265 265 265 265 265 265 265 265 265 265 265 265 265 265 265 265 265 265 265 265 265 265 265 265 265 265 265 265 265 265 265 265 265 265 265 265 265 265 265 265 265 265 265 265 265 265 265 265 265 265 265 265 265 265 265 265 265 265 265 265 265 265 265 265 
265 265 265 265 265 265 265 265 265 265 265 265 265 265 265 265 265 265 265 265 265 265 265 265 265 265 265 265 265 265 265 265 265 265 265 265 265 265 265 265 265 265 265 265 265 265 265 265 265 265 265 265 265 265 265 265 265 265 265 265 265 265 265 265 265 265 265 265 265 265 265 265 265 265 265 265 265 265 265 265 265 265 265 265 265 265 265 265 265 265 265 265 265 265 265 265 265 265 265 265 
265 265 265 265 265 265 265 265 265 265 265 265 265 265 265 265 265 265 265 265 265 265 265 265 265 265 265 265 265 265 265 265 265 265 265 265 265 265 265 265 265 265 265 265 265 265 265 265 265 265 265 265 265 265 265 265 265 265 265 265 265 265 265 265 265 265 265 265 265 265 265 265 265 265 265 265 265 265 265 265 265 265 265 265 265 265 265 265 265 265 265 265 265 265 265 265 265 265 265 265 
265 265 265 265 265 265 265 265 265 265 265 265 265 265 265 265 265 265 265 265 265 265 265 265 265 265 265 265 265 265 265 265 265 265 265 265 265 265 265 265 265 265 265 265 265 265 265 265 265 265 265 265 265 265 265 265 265 265 265 265 265 265 265 265 265 265 265 265 265 265 265 265 265 265 265 265 265 265 265 265 265 265 265 265 265 265 265 265 265 265 265 265 265 265 265 265 265 265 265 265 
265 265 265 265 265 265 265 265 265 265 265 265 265 265 265 265 265 265 265 265 265 265 265 265 265 265 265 265 265 265 265 265 265 265 265 265 265 265 265 265 265 265 265 265 265 265 265 265 265 265 265 265 265 265 265 265 265 265 265 265 265 265 265 265 265 265 265 265 265 265 265 265 265 265 265 265 265 265 265 265 265 265 265 265 265 265 265 265 265 265 265 265 265 265 265 265 265 265 265 265 
265 265 265 265 265 265 265 265 265 265 265 265 265 265 265 265 265 265 265 265 265 265 265 265 265 265 265 265 265 265 265 265 265 265 265 265 265 265 265 265 265 265 265 265 265 265 265 265 265 265 265 265 265 265 265 265 265 265 265 265 265 265 265 265 265 265 265 265 265 265 265 265 265 265 265 265 265 265 265 265 265 265 265 265 265 265 265 265 265 265 265 265 265 265 265 265 265 265 265 265 
265 265 265 265 265 265 265 265 265 265 265 265 265 265 265 265 265 265 265 265 265 265 265 265 265 265 265 265 265 265 265 265 265 265 265 265 265 265 265 265 265 265 265 265 265 265 265 265 265 265 265 265 265 265 265 265 265 265 265 265 265 265 265 265 265 265 265 265 265 265 265 265 265 265 265 265 265 265 265 265 265 265 265 265 265 265 265 265 265 265 265 265 265 265 265 265 265 265 265 265 
265 265 265 265 265 265 265 265 265 265 265 265 265 265 265 265 265 265 265 265 265 265 265 265 265 265 265 265 265 265 265 265 265 265 265 265 265 265 265 265 265 265 265 265 265 265 265 265 265 265 265 265 265 265 265 265 265 265 265 265 265 265 265 265 265 265 265 265 265 265 265 265 265 265 265 265 265 265 265 265 265 265 265 265 265 265 265 265 265 265 265 265 265 265 265 265 265 265 265 265 
265 265 265 265 265 265 265 265 265 265 265 265 265 265 265 265 265 265 265 265 265 265 265 265 265 265 265 265 265 265 265 265 265 265 265 265 265 265 265 265 265 265 265 265 265 265 265 265 265 265 265 265 265 265 265 265 265 265 265 265 265 265 265 265 265 265 265 265 265 265 265 265 265 265 265 265 265 265 265 265 265 265 265 265 265 265 265 265 265 265 265 265 265 265 265 265 265 265 265 265 
265 265 265 265 265 265 265 265 265 265 265 265 265 265 265 265 265 265 265 265 265 265 265 265 265 265 265 265 265 265 265 265 265 265 265 265 265 265 265 265 265 265 265 265 265 265 265 265 265 265 265 265 265 265 265 265 265 265 265 265 265 265 265 265 265 265 265 265 265 265 265 265 265 265 265 265 265 265 265 265 265 265 265 265 265 265 265 265 265 265 265 265 265 265 265 265 265 265 265 265 
265 265 265 265 265 265 265 265 265 265 265 265 265 265 265 265 265 265 265 265 265 265 265 265 265 265 265 265 265 265 265 265 265 265 265 265 265 265 265 265 265 265 265 265 265 265 265 265 265 265 265 265 265 265 265 265 265 265 265 265 265 265 265 265 265 265 265 265 265 265 265 265 265 265 265 265 265 265 265 265 265 265 265 265 265 265 265 265 265 265 265 265 265 265 265 265 265 265 265 265 
265 265 265 265 265 265 265 265 265 265 265 265 265 265 265 265 265 265 265 265 265 265 265 265 265 265 265 265 265 265 265 265 265 265 265 265 265 265 265 265 265 265 265 265 265 265 265 265 265 265 265 265 265 265 265 265 265 265 265 265 265 265 265 265 265 265 265 265 265 265 265 265 265 265 265 265 265 265 265 265 265 265 265 265 265 265 265 265 265 265 265 265 265 265 265 265 265 265 265 265 
265 265 265 265 265 265 265 265 265 265 265 265 265 265 265 265 265 265 265 265 265 265 265 265 265 265 265 265 265 265 265 265 265 265 265 265 265 265 265 265 265 265 265 265 265 265 265 265 265 265 265 265 265 265 265 265 265 265 265 265 265 265 265 265 265 265 265 265 265 265 265 265 265 265 265 265 265 265 265 265 265 265 265 265 265 265 265 265 265 265 265 265 265 265 265 265 265 265 265 265 
265 265 265 265 265 265 265 265 265 265 265 265 265 265 265 265 265 265 265 265 265 265 265 265 265 265 265 265 265 265 265 265 265 265 265 265 265 265 265 265 265 265 265 265 265 265 265 265 265 265 265 265 265 265 265 265 265 265 265 265 265 265 265 265 265 265 265 265 265 265 265 265 265 265 265 265 265 265 265 265 265 265 265 265 265 265 265 265 265 265 265 265 265 265 265 265 265 265 265 265 
265 265 265 265 265 265 265 265 265 265 265 265 265 265 265 265 265 265 265 265 265 265 265 265 265 265 265 265 265 265 265 265 265 265 265 265 265 265 265 265 265 265 278 272 272 272 272 272 272 272 272 272 272 272 272 272 272 272 272 272 279 265 265 265 265 265 265 265 265 265 265 265 265 265 265 265 265 265 265 265 265 265 265 265 265 265 265 265 265 265 265 265 265 265 265 265 265 265 265 265 
265 265 265 265 265 265 265 265 265 265 265 265 265 265 265 265 265 265 265 265 265 265 265 265 265 265 265 265 265 265 265 265 265 265 265 265 265 265 265 278 272 272 299 278 272 272 272 272 272 272 272 272 272 272 272 272 272 279 265 265 289 265 265 265 265 265 265 265 265 265 265 265 265 265 265 265 265 265 265 265 265 265 265 265 265 265 265 265 265 265 265 265 265 265 265 265 265 265 265 265 
265 265 265 265 265 265 265 265 265 265 265 265 265 265 265 265 265 265 265 265 265 265 265 265 265 265 265 265 265 265 265 265 265 265 265 265 265 265 265 292 278 272 272 299 278 272 272 272 272 272 272 272 272 272 272 272 279 296 279 265 289 265 265 265 265 265 265 265 265 265 265 265 265 265 265 265 265 265 265 265 265 265 265 265 265 265 265 265 265 265 265 265 265 265 265 265 265 265 265 265 
265 265 265 265 265 265 265 265 265 265 265 265 265 265 265 265 265 265 265 265 265 265 265 265 265 265 265 265 265 265 265 265 265 265 265 265 265 265 265 292 292 274 275 265 292 278 272 272 272 272 272 272 272 272 272 279 296 279 289 265 289 265 265 265 265 265 265 265 265 265 265 265 265 265 265 265 265 265 265 265 265 265 265 265 265 265 265 265 265 265 265 265 265 265 265 265 265 265 265 265 
265 265 265 265 265 265 265 265 265 265 265 265 265 265 265 265 265 265 265 265 265 265 265 265 265 265 265 265 265 265 265 265 265 265 265 265 265 265 265 292 292 296 299 265 292 292 266 266 269 266 266 266 266 269 269 296 279 289 289 265 289 265 265 265 265 265 265 265 265 265 265 265 265 265 265 265 265 265 265 265 265 265 265 265 265 265 265 265 265 265 265 265 265 265 265 265 265 265 265 265 
265 265 265 265 265 265 265 265 265 265 265 265 265 265 265 265 265 265 265 265 265 265 265 265 265 265 265 265 265 265 265 265 265 265 265 265 265 265 265 292 292 278 272 272 299 292 266 266 266 266 266 269 266 266 269 266 289 289 289 265 289 265 265 265 265 265 265 265 265 265 265 265 265 265 265 265 265 265 265 265 265 265 265 265 265 265 265 265 265 265 265 265 265 265 265 265 265 265 265 265 
265 265 265 265 265 265 265 265 265 265 265 265 265 265 265 265 265 265 265 265 265 265 265 265 265 265 265 265 265 265 265 265 265 265 265 265 265 265 265 292 292 292 265 278 272 299 266 266 269 269 266 269 266 266 266 269 289 289 296 279 289 265 265 265 265 265 265 265 265 265 265 265 265 265 265 265 265 265 265 265 265 265 265 265 265 265 265 265 265 265 265 265 265 265 265 265 265 265 265 265 
265 265 265 265 265 265 265 265 265 265 265 265 265 265 265 265 265 265 265 265 265 265 265 265 265 265 265 265 265 265 265 265 265 265 265 265 265 265 265 292 292 292 278 299 266 269 269 269 269 266 269 269 269 266 266 266 289 296 279 289 296 279 265 265 265 265 265 265 265 265 265 265 265 265 265 265 265 265 265 265 265 265 265 265 265 265 265 265 265 265 265 265 265 265 265 265 265 265 265 265 
265 265 265 265 265 265 265 265 265 265 265 265 265 265 265 265 265 265 265 265 265 265 265 265 265 265 265 265 265 265 265 265 265 265 265 265 265 265 265 292 292 292 292 266 269 266 266 269 266 266 266 266 269 269 269 266 296 279 289 296 279 289 265 265 265 265 265 265 265 265 265 265 265 265 265 265 265 265 265 265 265 265 265 265 265 265 265 265 265 265 265 265 265 265 265 265 265 265 265 265 
265 265 265 265 265 265 265 265 265 265 265 265 265 265 265 265 265 265 265 265 265 265 265 265 265 265 265 265 265 265 265 265 265 265 265 265 265 265 265 292 292 292 292 266 266 266 266 269 266 266 269 266 269 266 269 266 269 289 296 279 289 289 265 265 265 265 265 265 265 265 265 265 265 265 265 265 265 265 265 265 265 265 265 265 265 265 265 265 265 265 265 265 265 265 265 265 265 265 265 265 
265 265 265 265 265 265 265 265 265 265 265 265 265 265 265 265 265 265 265 265 265 265 265 265 265 265 265 265 265 265 265 265 265 265 265 265 265 265 265 292 292 292 292 266 266 266 269 266 266 269 269 266 269 266 266 266 266 296 279 289 289 289 265 265 265 265 265 265 265 265 265 265 265 265 265 265 265 265 265 265 265 265 265 265 265 265 265 265 265 265 265 265 265 265 265 265 265 265 265 265 
265 265 265 265 265 265 265 265 265 265 265 265 265 265 265 265 265 265 265 265 265 265 265 265 265 265 265 265 265 265 265 265 265 265 265 265 265 265 265 292 292 292 292 266 269 266 266 266 266 266 266 269 269 266 269 269 269 269 289 289 289 289 265 265 265 265 265 265 265 265 265 265 265 265 265 265 265 265 265 265 265 265 265 265 265 265 265 265 265 265 265 265 265 265 265 265 265 265 265 265 
265 265 265 265 265 265 265 265 265 265 265 265 265 265 265 265 265 265 265 265 265 265 265 265 265 265 265 265 265 265 265 265 265 265 265 265 265 265 265 292 292 292 292 266 266 269 266 269 266 269 266 266 266 266 269 269 266 266 289 289 289 289 265 265 265 265 265 265 265 265 265 265 265 265 265 265 265 265 265 265 265 265 265 265 265 265 265 265 265 265 265 265 265 265 265 265 265 265 265 265 
265 265 265 265 265 265 265 265 265 265 265 265 265 265 265 265 265 265 265 265 265 265 265 265 265 265 265 265 265 265 265 265 265 265 265 265 265 265 265 292 292 292 292 269 266 266 266 266 269 269 269 269 266 269 266 266 266 269 289 289 289 289 265 265 265 265 265 265 265 265 265 265 265 265 265 265 265 265 265 265 265 265 265 265 265 265 265 265 265 265 265 265 265 265 265 265 265 265 265 265 
265 265 265 265 265 265 265 265 265 265 265 265 265 265 265 265 265 265 265 265 265 265 265 265 265 265 265 265 265 265 265 265 265 265 265 265 265 265 265 292 292 292 292 266 266 266 269 266 266 269 266 269 269 269 266 266 266 266 289 289 289 289 265 265 265 265 265 265 265 265 265 265 265 265 265 265 265 265 265 265 265 265 265 265 265 265 265 265 265 265 265 265 265 265 265 265 265 265 265 265 
265 265 265 265 265 265 265 265 265 265 265 265 265 265 265 265 265 265 265 265 265 265 265 265 265 265 265 265 265 265 265 265 265 265 265 265 265 265 265 292 292 292 292 269 266 269 266 266 266 266 266 266 266 266 266 269 269 269 289 289 289 289 265 265 265 265 265 265 265 265 265 265 265 265 265 265 265 265 265 265 265 265 265 265 265 265 265 265 265 265 265 265 265 265 265 265 265 265 265 265 
265 265 265 265 265 265 265 265 265 265 265 265 265 265 265 265 265 265 265 265 265 265 265 265 265 265 265 265 273 273 273 273 273 273 273 273 273 273 273 273 273 273 273 273 273 273 273 273 273 273 273 273 273 280 281 282 273 273 273 273 273 273 273 273 273 273 273 273 273 273 273 273 273 273 273 273 273 273 273 273 265 265 265 265 265 265 265 265 265 265 265 265 265 265 265 265 265 265 265 265 
265 265 265 265 265 265 265 265 265 265 265 265 265 265 265 265 265 265 265 265 265 265 265 265 265 265 265 265 273 273 273 273 273 273 273 273 273 273 273 273 273 273 273 273 273 273 273 273 273 273 273 273 273 273 273 273 273 273 273 273 273 273 273 273 273 273 273 273 273 273 273 273 273 273 273 273 273 273 273 273 265 265 265 265 265 265 265 265 265 265 265 265 265 265 265 265 265 265 265 265 
265 265 265 265 265 265 265 265 265 265 265 265 265 265 265 265 265 265 265 265 265 265 265 265 265 265 265 265 265 265 265 265 265 265 265 265 265 265 265 265 265 265 265 265 265 265 265 265 265 265 265 265 265 265 265 265 265 265 265 265 265 265 265 265 265 265 265 265 265 265 265 265 265 265 265 265 265 265 265 265 265 265 265 265 265 265 265 265 265 265 265 265 265 265 265 265 265 265 265 265 
265 265 265 265 265 265 265 265 265 265 265 265 265 265 265 265 265 265 265 265 265 265 265 265 265 265 265 265 265 265 265 265 265 265 265 265 265 265 265 265 265 265 265 265 265 265 265 265 265 265 265 265 265 265 265 265 265 265 265 265 265 265 265 265 265 265 265 265 265 265 265 265 265 265 265 265 265 265 265 265 265 265 265 265 265 265 265 265 265 265 265 265 265 265 265 265 265 265 265 265 
265 265 265 265 265 265 265 265 265 265 265 265 265 265 265 265 265 265 265 265 265 265 265 265 265 265 265 265 265 265 265 265 265 265 265 265 265 265 265 265 265 265 265 265 265 265 265 265 265 265 265 265 265 265 265 265 265 265 265 265 265 265 265 265 265 265 265 265 265 265 265 265 265 265 265 265 265 265 265 265 265 265 265 265 265 265 265 265 265 265 265 265 265 265 265 265 265 265 265 265 
265 265 265 265 265 265 265 265 265 265 265 265 265 265 265 265 265 265 265 265 265 265 265 265 265 265 265 265 265 265 265 265 265 265 265 265 265 265 265 265 265 265 265 265 265 265 265 265 265 265 265 265 265 265 265 265 265 265 265 265 265 265 265 265 265 265 265 265 265 265 265 265 265 265 265 265 265 265 265 265 265 265 265 265 265 265 265 265 265 265 265 265 265 265 265 265 265 265 265 265 
265 265 265 265 265 265 265 265 265 265 265 265 265 265 265 265 265 265 265 265 265 265 265 265 265 265 265 265 265 265 265 265 265 265 265 265 265 265 265 265 265 265 265 265 265 265 265 265 265 265 265 265 265 265 265 265 265 265 265 265 265 265 265 265 265 265 265 265 265 265 265 265 265 265 265 265 265 265 265 265 265 265 265 265 265 265 265 265 265 265 265 265 265 265 265 265 265 265 265 265 
265 265 265 265 265 265 265 265 265 265 265 265 265 265 265 265 265 265 265 265 265 265 265 265 265 265 265 265 265 265 265 265 265 265 265 265 265 265 265 265 265 265 265 265 265 265 265 265 265 265 265 265 265 265 265 265 265 265 265 265 265 265 265 265 265 265 265 265 265 265 265 265 265 265 265 265 265 265 265 265 265 265 265 265 265 265 265 265 265 265 265 265 265 265 265 265 265 265 265 265 
265 265 265 265 265 265 265 265 265 265 265 265 265 265 265 265 265 265 265 265 265 265 265 265 265 265 265 265 265 265 265 265 265 265 265 265 265 265 265 265 265 265 265 265 265 265 265 265 265 265 265 265 265 265 265 265 265 265 265 265 265 265 265 265 265 265 265 265 265 265 265 265 265 265 265 265 265 265 265 265 265 265 265 265 265 265 265 265 265 265 265 265 265 265 265 265 265 265 265 265 
265 265 265 265 265 265 265 265 265 265 265 265 265 265 265 265 265 265 265 265 265 265 265 265 265 265 265 265 265 265 265 265 265 265 265 265 265 265 265 265 265 265 265 265 265 265 265 265 265 265 265 265 265 265 265 265 265 265 265 265 265 265 265 265 265 265 265 265 265 265 265 265 265 265 265 265 265 265 265 265 265 265 265 265 265 265 265 265 265 265 265 265 265 265 265 265 265 265 265 265 
265 265 265 265 265 265 265 265 265 265 265 265 265 265 265 265 265 265 265 265 265 265 265 265 265 265 265 265 265 265 265 265 265 265 265 265 265 265 265 265 265 265 265 265 265 265 265 265 265 265 265 265 265 265 265 265 265 265 265 265 265 265 265 265 265 265 265 265 265 265 265 265 265 265 265 265 265 265 265 265 265 265 265 265 265 265 265 265 265 265 265 265 265 265 265 265 265 265 265 265 
265 265 265 265 265 265 265 265 265 265 265 265 265 265 265 265 265 265 265 265 265 265 265 265 265 265 265 265 265 265 265 265 265 265 265 265 265 265 265 265 265 265 265 265 265 265 265 265 265 265 265 265 265 265 265 265 265 265 265 265 265 265 265 265 265 265 265 265 265 265 265 265 265 265 265 265 265 265 265 265 265 265 265 265 265 265 265 265 265 265 265 265 265 265 265 265 265 265 265 265 
265 265 265 265 265 265 265 265 265 265 265 265 265 265 265 265 265 265 265 265 265 265 265 265 265 265 265 265 265 265 265 265 265 265 265 265 265 265 265 265 265 265 265 265 265 265 265 265 265 265 265 265 265 265 265 265 265 265 265 265 265 265 265 265 265 265 265 265 265 265 265 265 265 265 265 265 265 265 265 265 265 265 265 265 265 265 265 265 265 265 265 265 265 265 265 265 265 265 265 265 
265 265 265 265 265 265 265 265 265 265 265 265 265 265 265 265 265 265 265 265 265 265 265 265 265 265 265 265 265 265 265 265 265 265 265 265 265 265 265 265 265 265 265 265 265 265 265 265 265 265 265 265 265 265 265 265 265 265 265 265 265 265 265 265 265 265 265 265 265 265 265 265 265 265 265 265 265 265 265 265 265 265 265 265 265 265 265 265 265 265 265 265 265 265 265 265 265 265 265 265 
265 265 265 265 265 265 265 265 265 265 265 265 265 265 265 265 265 265 265 265 265 265 265 265 265 265 265 265 265 265 265 265 265 265 265 265 265 265 265 265 265 265 265 265 265 265 265 265 265 265 265 265 265 265 265 265 265 265 265 265 265 265 265 265 265 265 265 265 265 265 265 265 265 265 265 265 265 265 265 265 265 265 265 265 265 265 265 265 265 265 265 265 265 265 265 265 265 265 265 265 
265 265 265 265 265 265 265 265 265 265 265 265 265 265 265 265 265 265 265 265 265 265 265 265 265 265 265 265 265 265 265 265 265 265 265 265 265 265 265 265 265 265 265 265 265 265 265 265 265 265 265 265 265 265 265 265 265 265 265 265 265 265 265 265 265 265 265 265 265 265 265 265 265 265 265 265 265 265 265 265 265 265 265 265 265 265 265 265 265 265 265 265 265 265 265 265 265 265 265 265 
265 265 265 265 265 265 265 265 265 265 265 265 265 265 265 265 265 265 265 265 265 265 265 265 265 265 265 265 265 265 265 265 265 265 265 265 265 265 265 265 265 265 265 265 265 265 265 265 265 265 265 265 265 265 265 265 265 265 265 265 265 265 265 265 265 265 265 265 265 265 265 265 265 265 265 265 265 265 265 265 265 265 265 265 265 265 265 265 265 265 265 265 265 265 265 265 265 265 265 265 
265 265 265 265 265 265 265 265 265 265 265 265 265 265 265 265 265 265 265 265 265 265 265 265 265 265 265 265 265 265 265 265 265 265 265 265 265 265 265 265 265 265 265 265 265 265 265 265 265 265 265 265 265 265 265 265 265 265 265 265 265 265 265 265 265 265 265 265 265 265 265 265 265 265 265 265 265 265 265 265 265 265 265 265 265 265 265 265 265 265 265 265 265 265 265 265 265 265 265 265 
265 265 265 265 265 265 265 265 265 265 265 265 265 265 265 265 265 265 265 265 265 265 265 265 265 265 265 265 265 265 265 265 265 265 265 265 265 265 265 265 265 265 265 265 265 265 265 265 265 265 265 265 265 265 265 265 265 265 265 265 265 265 265 265 265 265 265 265 265 265 265 265 265 265 265 265 265 265 265 265 265 265 265 265 265 265 265 265 265 265 265 265 265 265 265 265 265 265 265 265 
265 265 265 265 265 265 265 265 265 265 265 265 265 265 265 265 265 265 265 265 265 265 265 265 265 265 265 265 265 265 265 265 265 265 265 265 265 265 265 265 265 265 265 265 265 265 265 265 265 265 265 265 265 265 265 265 265 265 265 265 265 265 265 265 265 265 265 265 265 265 265 265 265 265 265 265 265 265 265 265 265 265 265 265 265 265 265 265 265 265 265 265 265 265 265 265 265 265 265 265 
265 265 265 265 265 265 265 265 265 265 265 265 265 265 265 265 265 265 265 265 265 265 265 265 265 265 265 265 265 265 265 265 265 265 265 265 265 265 265 265 265 265 265 265 265 265 265 265 265 265 265 265 265 265 265 265 265 265 265 265 265 265 265 265 265 265 265 265 265 265 265 265 265 265 265 265 265 265 265 265 265 265 265 265 265 265 265 265 265 265 265 265 265 265 265 265 265 265 265 265 
265 265 265 265 265 265 265 265 265 265 265 265 265 265 265 265 265 265 265 265 265 265 265 265 265 265 265 265 265 265 265 265 265 265 265 265 265 265 265 265 265 265 265 265 265 265 265 265 265 265 265 265 265 265 265 265 265 265 265 265 265 265 265 265 265 265 265 265 265 265 265 265 265 265 265 265 265 265 265 265 265 265 265 265 265 265 265 265 265 265 265 265 265 265 265 265 265 265 265 265 
